maxDetectorId = 11
    i detiid  ew   ns type nRow nCol maxCh
    0      0   0    0    0    7    7    49
    1      1   0    1    0    7    7    49
    2      2   0    0    1    1    7     7
    3      3   0    1    1    1    7     7
    4      4   0    0    2    1   48    48
    5      5   0    1    2    1   48    48
    6      6   0    0    3   48    1    48
    7      7   0    1    3   48    1    48
    8      8   1    0    4   34   17   578
    9      9   1    1    4   34   17   578
   10     10   1    0    0   24   12   288
   11     11   1    1    0   24   12   288
DetectorId=0
detiid  ch   getCh  getRow getCol
     0   1       1       7      1
     0   2       2       7      2
     0   3       3       7      3
     0   4       4       7      4
     0   5       5       7      5
     0   6       6       7      6
     0   7       7       7      7
     0   8       8       6      1
     0   9       9       6      2
     0  10      10       6      3
     0  11      11       6      4
     0  12      12       6      5
     0  13      13       6      6
     0  14      14       6      7
     0  15      15       5      1
     0  16      16       5      2
     0  17      17       5      3
     0  18      18       5      4
     0  19      19       5      5
     0  20      20       5      6
     0  21      21       5      7
     0  22      22       4      1
     0  23      23       4      2
     0  24      24       4      3
     0  25      25       4      4
     0  26      26       4      5
     0  27      27       4      6
     0  28      28       4      7
     0  29      29       3      1
     0  30      30       3      2
     0  31      31       3      3
     0  32      32       3      4
     0  33      33       3      5
     0  34      34       3      6
     0  35      35       3      7
     0  36      36       2      1
     0  37      37       2      2
     0  38      38       2      3
     0  39      39       2      4
     0  40      40       2      5
     0  41      41       2      6
     0  42      42       2      7
     0  43      43       1      1
     0  44      44       1      2
     0  45      45       1      3
     0  46      46       1      4
     0  47      47       1      5
     0  48      48       1      6
     0  49      49       1      7
DetectorId=1
detiid  ch   getCh  getRow getCol
     1   1       1       7      1
     1   2       2       7      2
     1   3       3       7      3
     1   4       4       7      4
     1   5       5       7      5
     1   6       6       7      6
     1   7       7       7      7
     1   8       8       6      1
     1   9       9       6      2
     1  10      10       6      3
     1  11      11       6      4
     1  12      12       6      5
     1  13      13       6      6
     1  14      14       6      7
     1  15      15       5      1
     1  16      16       5      2
     1  17      17       5      3
     1  18      18       5      4
     1  19      19       5      5
     1  20      20       5      6
     1  21      21       5      7
     1  22      22       4      1
     1  23      23       4      2
     1  24      24       4      3
     1  25      25       4      4
     1  26      26       4      5
     1  27      27       4      6
     1  28      28       4      7
     1  29      29       3      1
     1  30      30       3      2
     1  31      31       3      3
     1  32      32       3      4
     1  33      33       3      5
     1  34      34       3      6
     1  35      35       3      7
     1  36      36       2      1
     1  37      37       2      2
     1  38      38       2      3
     1  39      39       2      4
     1  40      40       2      5
     1  41      41       2      6
     1  42      42       2      7
     1  43      43       1      1
     1  44      44       1      2
     1  45      45       1      3
     1  46      46       1      4
     1  47      47       1      5
     1  48      48       1      6
     1  49      49       1      7
DetectorId=2
detiid  ch   getCh  getRow getCol
     2   1       1       1      1
     2   2       2       1      2
     2   3       3       1      3
     2   4       4       1      4
     2   5       5       1      5
     2   6       6       1      6
     2   7       7       1      7
DetectorId=3
detiid  ch   getCh  getRow getCol
     3   1       1       1      1
     3   2       2       1      2
     3   3       3       1      3
     3   4       4       1      4
     3   5       5       1      5
     3   6       6       1      6
     3   7       7       1      7
DetectorId=4
detiid  ch   getCh  getRow getCol
     4   1       1       1      1
     4   2       2       1      2
     4   3       3       1      3
     4   4       4       1      4
     4   5       5       1      5
     4   6       6       1      6
     4   7       7       1      7
     4   8       8       1      8
     4   9       9       1      9
     4  10      10       1     10
     4  11      11       1     11
     4  12      12       1     12
     4  13      13       1     13
     4  14      14       1     14
     4  15      15       1     15
     4  16      16       1     16
     4  17      17       1     17
     4  18      18       1     18
     4  19      19       1     19
     4  20      20       1     20
     4  21      21       1     21
     4  22      22       1     22
     4  23      23       1     23
     4  24      24       1     24
     4  25      25       1     25
     4  26      26       1     26
     4  27      27       1     27
     4  28      28       1     28
     4  29      29       1     29
     4  30      30       1     30
     4  31      31       1     31
     4  32      32       1     32
     4  33      33       1     33
     4  34      34       1     34
     4  35      35       1     35
     4  36      36       1     36
     4  37      37       1     37
     4  38      38       1     38
     4  39      39       1     39
     4  40      40       1     40
     4  41      41       1     41
     4  42      42       1     42
     4  43      43       1     43
     4  44      44       1     44
     4  45      45       1     45
     4  46      46       1     46
     4  47      47       1     47
     4  48      48       1     48
DetectorId=5
detiid  ch   getCh  getRow getCol
     5   1       1       1      1
     5   2       2       1      2
     5   3       3       1      3
     5   4       4       1      4
     5   5       5       1      5
     5   6       6       1      6
     5   7       7       1      7
     5   8       8       1      8
     5   9       9       1      9
     5  10      10       1     10
     5  11      11       1     11
     5  12      12       1     12
     5  13      13       1     13
     5  14      14       1     14
     5  15      15       1     15
     5  16      16       1     16
     5  17      17       1     17
     5  18      18       1     18
     5  19      19       1     19
     5  20      20       1     20
     5  21      21       1     21
     5  22      22       1     22
     5  23      23       1     23
     5  24      24       1     24
     5  25      25       1     25
     5  26      26       1     26
     5  27      27       1     27
     5  28      28       1     28
     5  29      29       1     29
     5  30      30       1     30
     5  31      31       1     31
     5  32      32       1     32
     5  33      33       1     33
     5  34      34       1     34
     5  35      35       1     35
     5  36      36       1     36
     5  37      37       1     37
     5  38      38       1     38
     5  39      39       1     39
     5  40      40       1     40
     5  41      41       1     41
     5  42      42       1     42
     5  43      43       1     43
     5  44      44       1     44
     5  45      45       1     45
     5  46      46       1     46
     5  47      47       1     47
     5  48      48       1     48
DetectorId=6
detiid  ch   getCh  getRow getCol
     6   1       1      48      1
     6   2       2      47      1
     6   3       3      46      1
     6   4       4      45      1
     6   5       5      44      1
     6   6       6      43      1
     6   7       7      42      1
     6   8       8      41      1
     6   9       9      40      1
     6  10      10      39      1
     6  11      11      38      1
     6  12      12      37      1
     6  13      13      36      1
     6  14      14      35      1
     6  15      15      34      1
     6  16      16      33      1
     6  17      17      32      1
     6  18      18      31      1
     6  19      19      30      1
     6  20      20      29      1
     6  21      21      28      1
     6  22      22      27      1
     6  23      23      26      1
     6  24      24      25      1
     6  25      25      24      1
     6  26      26      23      1
     6  27      27      22      1
     6  28      28      21      1
     6  29      29      20      1
     6  30      30      19      1
     6  31      31      18      1
     6  32      32      17      1
     6  33      33      16      1
     6  34      34      15      1
     6  35      35      14      1
     6  36      36      13      1
     6  37      37      12      1
     6  38      38      11      1
     6  39      39      10      1
     6  40      40       9      1
     6  41      41       8      1
     6  42      42       7      1
     6  43      43       6      1
     6  44      44       5      1
     6  45      45       4      1
     6  46      46       3      1
     6  47      47       2      1
     6  48      48       1      1
DetectorId=7
detiid  ch   getCh  getRow getCol
     7   1       1      48      1
     7   2       2      47      1
     7   3       3      46      1
     7   4       4      45      1
     7   5       5      44      1
     7   6       6      43      1
     7   7       7      42      1
     7   8       8      41      1
     7   9       9      40      1
     7  10      10      39      1
     7  11      11      38      1
     7  12      12      37      1
     7  13      13      36      1
     7  14      14      35      1
     7  15      15      34      1
     7  16      16      33      1
     7  17      17      32      1
     7  18      18      31      1
     7  19      19      30      1
     7  20      20      29      1
     7  21      21      28      1
     7  22      22      27      1
     7  23      23      26      1
     7  24      24      25      1
     7  25      25      24      1
     7  26      26      23      1
     7  27      27      22      1
     7  28      28      21      1
     7  29      29      20      1
     7  30      30      19      1
     7  31      31      18      1
     7  32      32      17      1
     7  33      33      16      1
     7  34      34      15      1
     7  35      35      14      1
     7  36      36      13      1
     7  37      37      12      1
     7  38      38      11      1
     7  39      39      10      1
     7  40      40       9      1
     7  41      41       8      1
     7  42      42       7      1
     7  43      43       6      1
     7  44      44       5      1
     7  45      45       4      1
     7  46      46       3      1
     7  47      47       2      1
     7  48      48       1      1
DetectorId=8
detiid  ch   getCh  getRow getCol
     8   1       1      34      1
     8   2       2      34      2
     8   3       3      34      3
     8   4       4      34      4
     8   5       5      34      5
     8   6       6      34      6
     8   7       7      34      7
     8   8       8      34      8
     8   9       9      34      9
     8  10      10      34     10
     8  11      11      34     11
     8  12      12      34     12
     8  13      13      34     13
     8  14      14      34     14
     8  15      15      34     15
     8  16      16      34     16
     8  17      17      34     17
     8  18      18      33      1
     8  19      19      33      2
     8  20      20      33      3
     8  21      21      33      4
     8  22      22      33      5
     8  23      23      33      6
     8  24      24      33      7
     8  25      25      33      8
     8  26      26      33      9
     8  27      27      33     10
     8  28      28      33     11
     8  29      29      33     12
     8  30      30      33     13
     8  31      31      33     14
     8  32      32      33     15
     8  33      33      33     16
     8  34      34      33     17
     8  35      35      32      1
     8  36      36      32      2
     8  37      37      32      3
     8  38      38      32      4
     8  39      39      32      5
     8  40      40      32      6
     8  41      41      32      7
     8  42      42      32      8
     8  43      43      32      9
     8  44      44      32     10
     8  45      45      32     11
     8  46      46      32     12
     8  47      47      32     13
     8  48      48      32     14
     8  49      49      32     15
     8  50      50      32     16
     8  51      51      32     17
     8  52      52      31      1
     8  53      53      31      2
     8  54      54      31      3
     8  55      55      31      4
     8  56      56      31      5
     8  57      57      31      6
     8  58      58      31      7
     8  59      59      31      8
     8  60      60      31      9
     8  61      61      31     10
     8  62      62      31     11
     8  63      63      31     12
     8  64      64      31     13
     8  65      65      31     14
     8  66      66      31     15
     8  67      67      31     16
     8  68      68      31     17
     8  69      69      30      1
     8  70      70      30      2
     8  71      71      30      3
     8  72      72      30      4
     8  73      73      30      5
     8  74      74      30      6
     8  75      75      30      7
     8  76      76      30      8
     8  77      77      30      9
     8  78      78      30     10
     8  79      79      30     11
     8  80      80      30     12
     8  81      81      30     13
     8  82      82      30     14
     8  83      83      30     15
     8  84      84      30     16
     8  85      85      30     17
     8  86      86      29      1
     8  87      87      29      2
     8  88      88      29      3
     8  89      89      29      4
     8  90      90      29      5
     8  91      91      29      6
     8  92      92      29      7
     8  93      93      29      8
     8  94      94      29      9
     8  95      95      29     10
     8  96      96      29     11
     8  97      97      29     12
     8  98      98      29     13
     8  99      99      29     14
     8 100     100      29     15
     8 101     101      29     16
     8 102     102      29     17
     8 103     103      28      1
     8 104     104      28      2
     8 105     105      28      3
     8 106     106      28      4
     8 107     107      28      5
     8 108     108      28      6
     8 109     109      28      7
     8 110     110      28      8
     8 111     111      28      9
     8 112     112      28     10
     8 113     113      28     11
     8 114     114      28     12
     8 115     115      28     13
     8 116     116      28     14
     8 117     117      28     15
     8 118     118      28     16
     8 119     119      28     17
     8 120     120      27      1
     8 121     121      27      2
     8 122     122      27      3
     8 123     123      27      4
     8 124     124      27      5
     8 125     125      27      6
     8 126     126      27      7
     8 127     127      27      8
     8 128     128      27      9
     8 129     129      27     10
     8 130     130      27     11
     8 131     131      27     12
     8 132     132      27     13
     8 133     133      27     14
     8 134     134      27     15
     8 135     135      27     16
     8 136     136      27     17
     8 137     137      26      1
     8 138     138      26      2
     8 139     139      26      3
     8 140     140      26      4
     8 141     141      26      5
     8 142     142      26      6
     8 143     143      26      7
     8 144     144      26      8
     8 145     145      26      9
     8 146     146      26     10
     8 147     147      26     11
     8 148     148      26     12
     8 149     149      26     13
     8 150     150      26     14
     8 151     151      26     15
     8 152     152      26     16
     8 153     153      26     17
     8 154     154      25      1
     8 155     155      25      2
     8 156     156      25      3
     8 157     157      25      4
     8 158     158      25      5
     8 159     159      25      6
     8 160     160      25      7
     8 161     161      25      8
     8 162     162      25      9
     8 163     163      25     10
     8 164     164      25     11
     8 165     165      25     12
     8 166     166      25     13
     8 167     167      25     14
     8 168     168      25     15
     8 169     169      25     16
     8 170     170      25     17
     8 171     171      24      1
     8 172     172      24      2
     8 173     173      24      3
     8 174     174      24      4
     8 175     175      24      5
     8 176     176      24      6
     8 177     177      24      7
     8 178     178      24      8
     8 179     179      24      9
     8 180     180      24     10
     8 181     181      24     11
     8 182     182      24     12
     8 183     183      24     13
     8 184     184      24     14
     8 185     185      24     15
     8 186     186      24     16
     8 187     187      24     17
     8 188     188      23      1
     8 189     189      23      2
     8 190     190      23      3
     8 191     191      23      4
     8 192     192      23      5
     8 193     193      23      6
     8 194     194      23      7
     8 195     195      23      8
     8 196     196      23      9
     8 197     197      23     10
     8 198     198      23     11
     8 199     199      23     12
     8 200     200      23     13
     8 201     201      23     14
     8 202     202      23     15
     8 203     203      23     16
     8 204     204      23     17
     8 205     205      22      1
     8 206     206      22      2
     8 207     207      22      3
     8 208     208      22      4
     8 209     209      22      5
     8 210     210      22      6
     8 211     211      22      7
     8 212     212      22      8
     8 213     213      22      9
     8 214     214      22     10
     8 215     215      22     11
     8 216     216      22     12
     8 217     217      22     13
     8 218     218      22     14
     8 219     219      22     15
     8 220     220      22     16
     8 221     221      22     17
     8 222     222      21      1
     8 223     223      21      2
     8 224     224      21      3
     8 225     225      21      4
     8 226     226      21      5
     8 227     227      21      6
     8 228     228      21      7
     8 229     229      21      8
     8 230     230      21      9
     8 231     231      21     10
     8 232     232      21     11
     8 233     233      21     12
     8 234     234      21     13
     8 235     235      21     14
     8 236     236      21     15
     8 237     237      21     16
     8 238     238      21     17
     8 239     239      20      1
     8 240     240      20      2
     8 241     241      20      3
     8 242     242      20      4
     8 243     243      20      5
     8 244     244      20      6
     8 245     245      20      7
     8 246     246      20      8
     8 247     247      20      9
     8 248     248      20     10
     8 249     249      20     11
     8 250     250      20     12
     8 251     251      20     13
     8 252     252      20     14
     8 253     253      20     15
     8 254     254      20     16
     8 255     255      20     17
     8 256     256      19      1
     8 257     257      19      2
     8 258     258      19      3
     8 259     259      19      4
     8 260     260      19      5
     8 261     261      19      6
     8 262     262      19      7
     8 263     263      19      8
     8 264     264      19      9
     8 265     265      19     10
     8 266     266      19     11
     8 267     267      19     12
     8 268     268      19     13
     8 269     269      19     14
     8 270     270      19     15
     8 271     271      19     16
     8 272     272      19     17
     8 273     273      18      1
     8 274     274      18      2
     8 275     275      18      3
     8 276     276      18      4
     8 277     277      18      5
     8 278     278      18      6
     8 279     279      18      7
     8 280     280      18      8
     8 281     281      18      9
     8 282     282      18     10
     8 283     283      18     11
     8 284     284      18     12
     8 285     285      18     13
     8 286     286      18     14
     8 287     287      18     15
     8 288     288      18     16
     8 289     289      18     17
     8 290     290      17      1
     8 291     291      17      2
     8 292     292      17      3
     8 293     293      17      4
     8 294     294      17      5
     8 295     295      17      6
     8 296     296      17      7
     8 297     297      17      8
     8 298     298      17      9
     8 299     299      17     10
     8 300     300      17     11
     8 301     301      17     12
     8 302     302      17     13
     8 303     303      17     14
     8 304     304      17     15
     8 305     305      17     16
     8 306     306      17     17
     8 307     307      16      1
     8 308     308      16      2
     8 309     309      16      3
     8 310     310      16      4
     8 311     311      16      5
     8 312     312      16      6
     8 313     313      16      7
     8 314     314      16      8
     8 315     315      16      9
     8 316     316      16     10
     8 317     317      16     11
     8 318     318      16     12
     8 319     319      16     13
     8 320     320      16     14
     8 321     321      16     15
     8 322     322      16     16
     8 323     323      16     17
     8 324     324      15      1
     8 325     325      15      2
     8 326     326      15      3
     8 327     327      15      4
     8 328     328      15      5
     8 329     329      15      6
     8 330     330      15      7
     8 331     331      15      8
     8 332     332      15      9
     8 333     333      15     10
     8 334     334      15     11
     8 335     335      15     12
     8 336     336      15     13
     8 337     337      15     14
     8 338     338      15     15
     8 339     339      15     16
     8 340     340      15     17
     8 341     341      14      1
     8 342     342      14      2
     8 343     343      14      3
     8 344     344      14      4
     8 345     345      14      5
     8 346     346      14      6
     8 347     347      14      7
     8 348     348      14      8
     8 349     349      14      9
     8 350     350      14     10
     8 351     351      14     11
     8 352     352      14     12
     8 353     353      14     13
     8 354     354      14     14
     8 355     355      14     15
     8 356     356      14     16
     8 357     357      14     17
     8 358     358      13      1
     8 359     359      13      2
     8 360     360      13      3
     8 361     361      13      4
     8 362     362      13      5
     8 363     363      13      6
     8 364     364      13      7
     8 365     365      13      8
     8 366     366      13      9
     8 367     367      13     10
     8 368     368      13     11
     8 369     369      13     12
     8 370     370      13     13
     8 371     371      13     14
     8 372     372      13     15
     8 373     373      13     16
     8 374     374      13     17
     8 375     375      12      1
     8 376     376      12      2
     8 377     377      12      3
     8 378     378      12      4
     8 379     379      12      5
     8 380     380      12      6
     8 381     381      12      7
     8 382     382      12      8
     8 383     383      12      9
     8 384     384      12     10
     8 385     385      12     11
     8 386     386      12     12
     8 387     387      12     13
     8 388     388      12     14
     8 389     389      12     15
     8 390     390      12     16
     8 391     391      12     17
     8 392     392      11      1
     8 393     393      11      2
     8 394     394      11      3
     8 395     395      11      4
     8 396     396      11      5
     8 397     397      11      6
     8 398     398      11      7
     8 399     399      11      8
     8 400     400      11      9
     8 401     401      11     10
     8 402     402      11     11
     8 403     403      11     12
     8 404     404      11     13
     8 405     405      11     14
     8 406     406      11     15
     8 407     407      11     16
     8 408     408      11     17
     8 409     409      10      1
     8 410     410      10      2
     8 411     411      10      3
     8 412     412      10      4
     8 413     413      10      5
     8 414     414      10      6
     8 415     415      10      7
     8 416     416      10      8
     8 417     417      10      9
     8 418     418      10     10
     8 419     419      10     11
     8 420     420      10     12
     8 421     421      10     13
     8 422     422      10     14
     8 423     423      10     15
     8 424     424      10     16
     8 425     425      10     17
     8 426     426       9      1
     8 427     427       9      2
     8 428     428       9      3
     8 429     429       9      4
     8 430     430       9      5
     8 431     431       9      6
     8 432     432       9      7
     8 433     433       9      8
     8 434     434       9      9
     8 435     435       9     10
     8 436     436       9     11
     8 437     437       9     12
     8 438     438       9     13
     8 439     439       9     14
     8 440     440       9     15
     8 441     441       9     16
     8 442     442       9     17
     8 443     443       8      1
     8 444     444       8      2
     8 445     445       8      3
     8 446     446       8      4
     8 447     447       8      5
     8 448     448       8      6
     8 449     449       8      7
     8 450     450       8      8
     8 451     451       8      9
     8 452     452       8     10
     8 453     453       8     11
     8 454     454       8     12
     8 455     455       8     13
     8 456     456       8     14
     8 457     457       8     15
     8 458     458       8     16
     8 459     459       8     17
     8 460     460       7      1
     8 461     461       7      2
     8 462     462       7      3
     8 463     463       7      4
     8 464     464       7      5
     8 465     465       7      6
     8 466     466       7      7
     8 467     467       7      8
     8 468     468       7      9
     8 469     469       7     10
     8 470     470       7     11
     8 471     471       7     12
     8 472     472       7     13
     8 473     473       7     14
     8 474     474       7     15
     8 475     475       7     16
     8 476     476       7     17
     8 477     477       6      1
     8 478     478       6      2
     8 479     479       6      3
     8 480     480       6      4
     8 481     481       6      5
     8 482     482       6      6
     8 483     483       6      7
     8 484     484       6      8
     8 485     485       6      9
     8 486     486       6     10
     8 487     487       6     11
     8 488     488       6     12
     8 489     489       6     13
     8 490     490       6     14
     8 491     491       6     15
     8 492     492       6     16
     8 493     493       6     17
     8 494     494       5      1
     8 495     495       5      2
     8 496     496       5      3
     8 497     497       5      4
     8 498     498       5      5
     8 499     499       5      6
     8 500     500       5      7
     8 501     501       5      8
     8 502     502       5      9
     8 503     503       5     10
     8 504     504       5     11
     8 505     505       5     12
     8 506     506       5     13
     8 507     507       5     14
     8 508     508       5     15
     8 509     509       5     16
     8 510     510       5     17
     8 511     511       4      1
     8 512     512       4      2
     8 513     513       4      3
     8 514     514       4      4
     8 515     515       4      5
     8 516     516       4      6
     8 517     517       4      7
     8 518     518       4      8
     8 519     519       4      9
     8 520     520       4     10
     8 521     521       4     11
     8 522     522       4     12
     8 523     523       4     13
     8 524     524       4     14
     8 525     525       4     15
     8 526     526       4     16
     8 527     527       4     17
     8 528     528       3      1
     8 529     529       3      2
     8 530     530       3      3
     8 531     531       3      4
     8 532     532       3      5
     8 533     533       3      6
     8 534     534       3      7
     8 535     535       3      8
     8 536     536       3      9
     8 537     537       3     10
     8 538     538       3     11
     8 539     539       3     12
     8 540     540       3     13
     8 541     541       3     14
     8 542     542       3     15
     8 543     543       3     16
     8 544     544       3     17
     8 545     545       2      1
     8 546     546       2      2
     8 547     547       2      3
     8 548     548       2      4
     8 549     549       2      5
     8 550     550       2      6
     8 551     551       2      7
     8 552     552       2      8
     8 553     553       2      9
     8 554     554       2     10
     8 555     555       2     11
     8 556     556       2     12
     8 557     557       2     13
     8 558     558       2     14
     8 559     559       2     15
     8 560     560       2     16
     8 561     561       2     17
     8 562     562       1      1
     8 563     563       1      2
     8 564     564       1      3
     8 565     565       1      4
     8 566     566       1      5
     8 567     567       1      6
     8 568     568       1      7
     8 569     569       1      8
     8 570     570       1      9
     8 571     571       1     10
     8 572     572       1     11
     8 573     573       1     12
     8 574     574       1     13
     8 575     575       1     14
     8 576     576       1     15
     8 577     577       1     16
     8 578     578       1     17
DetectorId=9
detiid  ch   getCh  getRow getCol
     9   1       1      34      1
     9   2       2      34      2
     9   3       3      34      3
     9   4       4      34      4
     9   5       5      34      5
     9   6       6      34      6
     9   7       7      34      7
     9   8       8      34      8
     9   9       9      34      9
     9  10      10      34     10
     9  11      11      34     11
     9  12      12      34     12
     9  13      13      34     13
     9  14      14      34     14
     9  15      15      34     15
     9  16      16      34     16
     9  17      17      34     17
     9  18      18      33      1
     9  19      19      33      2
     9  20      20      33      3
     9  21      21      33      4
     9  22      22      33      5
     9  23      23      33      6
     9  24      24      33      7
     9  25      25      33      8
     9  26      26      33      9
     9  27      27      33     10
     9  28      28      33     11
     9  29      29      33     12
     9  30      30      33     13
     9  31      31      33     14
     9  32      32      33     15
     9  33      33      33     16
     9  34      34      33     17
     9  35      35      32      1
     9  36      36      32      2
     9  37      37      32      3
     9  38      38      32      4
     9  39      39      32      5
     9  40      40      32      6
     9  41      41      32      7
     9  42      42      32      8
     9  43      43      32      9
     9  44      44      32     10
     9  45      45      32     11
     9  46      46      32     12
     9  47      47      32     13
     9  48      48      32     14
     9  49      49      32     15
     9  50      50      32     16
     9  51      51      32     17
     9  52      52      31      1
     9  53      53      31      2
     9  54      54      31      3
     9  55      55      31      4
     9  56      56      31      5
     9  57      57      31      6
     9  58      58      31      7
     9  59      59      31      8
     9  60      60      31      9
     9  61      61      31     10
     9  62      62      31     11
     9  63      63      31     12
     9  64      64      31     13
     9  65      65      31     14
     9  66      66      31     15
     9  67      67      31     16
     9  68      68      31     17
     9  69      69      30      1
     9  70      70      30      2
     9  71      71      30      3
     9  72      72      30      4
     9  73      73      30      5
     9  74      74      30      6
     9  75      75      30      7
     9  76      76      30      8
     9  77      77      30      9
     9  78      78      30     10
     9  79      79      30     11
     9  80      80      30     12
     9  81      81      30     13
     9  82      82      30     14
     9  83      83      30     15
     9  84      84      30     16
     9  85      85      30     17
     9  86      86      29      1
     9  87      87      29      2
     9  88      88      29      3
     9  89      89      29      4
     9  90      90      29      5
     9  91      91      29      6
     9  92      92      29      7
     9  93      93      29      8
     9  94      94      29      9
     9  95      95      29     10
     9  96      96      29     11
     9  97      97      29     12
     9  98      98      29     13
     9  99      99      29     14
     9 100     100      29     15
     9 101     101      29     16
     9 102     102      29     17
     9 103     103      28      1
     9 104     104      28      2
     9 105     105      28      3
     9 106     106      28      4
     9 107     107      28      5
     9 108     108      28      6
     9 109     109      28      7
     9 110     110      28      8
     9 111     111      28      9
     9 112     112      28     10
     9 113     113      28     11
     9 114     114      28     12
     9 115     115      28     13
     9 116     116      28     14
     9 117     117      28     15
     9 118     118      28     16
     9 119     119      28     17
     9 120     120      27      1
     9 121     121      27      2
     9 122     122      27      3
     9 123     123      27      4
     9 124     124      27      5
     9 125     125      27      6
     9 126     126      27      7
     9 127     127      27      8
     9 128     128      27      9
     9 129     129      27     10
     9 130     130      27     11
     9 131     131      27     12
     9 132     132      27     13
     9 133     133      27     14
     9 134     134      27     15
     9 135     135      27     16
     9 136     136      27     17
     9 137     137      26      1
     9 138     138      26      2
     9 139     139      26      3
     9 140     140      26      4
     9 141     141      26      5
     9 142     142      26      6
     9 143     143      26      7
     9 144     144      26      8
     9 145     145      26      9
     9 146     146      26     10
     9 147     147      26     11
     9 148     148      26     12
     9 149     149      26     13
     9 150     150      26     14
     9 151     151      26     15
     9 152     152      26     16
     9 153     153      26     17
     9 154     154      25      1
     9 155     155      25      2
     9 156     156      25      3
     9 157     157      25      4
     9 158     158      25      5
     9 159     159      25      6
     9 160     160      25      7
     9 161     161      25      8
     9 162     162      25      9
     9 163     163      25     10
     9 164     164      25     11
     9 165     165      25     12
     9 166     166      25     13
     9 167     167      25     14
     9 168     168      25     15
     9 169     169      25     16
     9 170     170      25     17
     9 171     171      24      1
     9 172     172      24      2
     9 173     173      24      3
     9 174     174      24      4
     9 175     175      24      5
     9 176     176      24      6
     9 177     177      24      7
     9 178     178      24      8
     9 179     179      24      9
     9 180     180      24     10
     9 181     181      24     11
     9 182     182      24     12
     9 183     183      24     13
     9 184     184      24     14
     9 185     185      24     15
     9 186     186      24     16
     9 187     187      24     17
     9 188     188      23      1
     9 189     189      23      2
     9 190     190      23      3
     9 191     191      23      4
     9 192     192      23      5
     9 193     193      23      6
     9 194     194      23      7
     9 195     195      23      8
     9 196     196      23      9
     9 197     197      23     10
     9 198     198      23     11
     9 199     199      23     12
     9 200     200      23     13
     9 201     201      23     14
     9 202     202      23     15
     9 203     203      23     16
     9 204     204      23     17
     9 205     205      22      1
     9 206     206      22      2
     9 207     207      22      3
     9 208     208      22      4
     9 209     209      22      5
     9 210     210      22      6
     9 211     211      22      7
     9 212     212      22      8
     9 213     213      22      9
     9 214     214      22     10
     9 215     215      22     11
     9 216     216      22     12
     9 217     217      22     13
     9 218     218      22     14
     9 219     219      22     15
     9 220     220      22     16
     9 221     221      22     17
     9 222     222      21      1
     9 223     223      21      2
     9 224     224      21      3
     9 225     225      21      4
     9 226     226      21      5
     9 227     227      21      6
     9 228     228      21      7
     9 229     229      21      8
     9 230     230      21      9
     9 231     231      21     10
     9 232     232      21     11
     9 233     233      21     12
     9 234     234      21     13
     9 235     235      21     14
     9 236     236      21     15
     9 237     237      21     16
     9 238     238      21     17
     9 239     239      20      1
     9 240     240      20      2
     9 241     241      20      3
     9 242     242      20      4
     9 243     243      20      5
     9 244     244      20      6
     9 245     245      20      7
     9 246     246      20      8
     9 247     247      20      9
     9 248     248      20     10
     9 249     249      20     11
     9 250     250      20     12
     9 251     251      20     13
     9 252     252      20     14
     9 253     253      20     15
     9 254     254      20     16
     9 255     255      20     17
     9 256     256      19      1
     9 257     257      19      2
     9 258     258      19      3
     9 259     259      19      4
     9 260     260      19      5
     9 261     261      19      6
     9 262     262      19      7
     9 263     263      19      8
     9 264     264      19      9
     9 265     265      19     10
     9 266     266      19     11
     9 267     267      19     12
     9 268     268      19     13
     9 269     269      19     14
     9 270     270      19     15
     9 271     271      19     16
     9 272     272      19     17
     9 273     273      18      1
     9 274     274      18      2
     9 275     275      18      3
     9 276     276      18      4
     9 277     277      18      5
     9 278     278      18      6
     9 279     279      18      7
     9 280     280      18      8
     9 281     281      18      9
     9 282     282      18     10
     9 283     283      18     11
     9 284     284      18     12
     9 285     285      18     13
     9 286     286      18     14
     9 287     287      18     15
     9 288     288      18     16
     9 289     289      18     17
     9 290     290      17      1
     9 291     291      17      2
     9 292     292      17      3
     9 293     293      17      4
     9 294     294      17      5
     9 295     295      17      6
     9 296     296      17      7
     9 297     297      17      8
     9 298     298      17      9
     9 299     299      17     10
     9 300     300      17     11
     9 301     301      17     12
     9 302     302      17     13
     9 303     303      17     14
     9 304     304      17     15
     9 305     305      17     16
     9 306     306      17     17
     9 307     307      16      1
     9 308     308      16      2
     9 309     309      16      3
     9 310     310      16      4
     9 311     311      16      5
     9 312     312      16      6
     9 313     313      16      7
     9 314     314      16      8
     9 315     315      16      9
     9 316     316      16     10
     9 317     317      16     11
     9 318     318      16     12
     9 319     319      16     13
     9 320     320      16     14
     9 321     321      16     15
     9 322     322      16     16
     9 323     323      16     17
     9 324     324      15      1
     9 325     325      15      2
     9 326     326      15      3
     9 327     327      15      4
     9 328     328      15      5
     9 329     329      15      6
     9 330     330      15      7
     9 331     331      15      8
     9 332     332      15      9
     9 333     333      15     10
     9 334     334      15     11
     9 335     335      15     12
     9 336     336      15     13
     9 337     337      15     14
     9 338     338      15     15
     9 339     339      15     16
     9 340     340      15     17
     9 341     341      14      1
     9 342     342      14      2
     9 343     343      14      3
     9 344     344      14      4
     9 345     345      14      5
     9 346     346      14      6
     9 347     347      14      7
     9 348     348      14      8
     9 349     349      14      9
     9 350     350      14     10
     9 351     351      14     11
     9 352     352      14     12
     9 353     353      14     13
     9 354     354      14     14
     9 355     355      14     15
     9 356     356      14     16
     9 357     357      14     17
     9 358     358      13      1
     9 359     359      13      2
     9 360     360      13      3
     9 361     361      13      4
     9 362     362      13      5
     9 363     363      13      6
     9 364     364      13      7
     9 365     365      13      8
     9 366     366      13      9
     9 367     367      13     10
     9 368     368      13     11
     9 369     369      13     12
     9 370     370      13     13
     9 371     371      13     14
     9 372     372      13     15
     9 373     373      13     16
     9 374     374      13     17
     9 375     375      12      1
     9 376     376      12      2
     9 377     377      12      3
     9 378     378      12      4
     9 379     379      12      5
     9 380     380      12      6
     9 381     381      12      7
     9 382     382      12      8
     9 383     383      12      9
     9 384     384      12     10
     9 385     385      12     11
     9 386     386      12     12
     9 387     387      12     13
     9 388     388      12     14
     9 389     389      12     15
     9 390     390      12     16
     9 391     391      12     17
     9 392     392      11      1
     9 393     393      11      2
     9 394     394      11      3
     9 395     395      11      4
     9 396     396      11      5
     9 397     397      11      6
     9 398     398      11      7
     9 399     399      11      8
     9 400     400      11      9
     9 401     401      11     10
     9 402     402      11     11
     9 403     403      11     12
     9 404     404      11     13
     9 405     405      11     14
     9 406     406      11     15
     9 407     407      11     16
     9 408     408      11     17
     9 409     409      10      1
     9 410     410      10      2
     9 411     411      10      3
     9 412     412      10      4
     9 413     413      10      5
     9 414     414      10      6
     9 415     415      10      7
     9 416     416      10      8
     9 417     417      10      9
     9 418     418      10     10
     9 419     419      10     11
     9 420     420      10     12
     9 421     421      10     13
     9 422     422      10     14
     9 423     423      10     15
     9 424     424      10     16
     9 425     425      10     17
     9 426     426       9      1
     9 427     427       9      2
     9 428     428       9      3
     9 429     429       9      4
     9 430     430       9      5
     9 431     431       9      6
     9 432     432       9      7
     9 433     433       9      8
     9 434     434       9      9
     9 435     435       9     10
     9 436     436       9     11
     9 437     437       9     12
     9 438     438       9     13
     9 439     439       9     14
     9 440     440       9     15
     9 441     441       9     16
     9 442     442       9     17
     9 443     443       8      1
     9 444     444       8      2
     9 445     445       8      3
     9 446     446       8      4
     9 447     447       8      5
     9 448     448       8      6
     9 449     449       8      7
     9 450     450       8      8
     9 451     451       8      9
     9 452     452       8     10
     9 453     453       8     11
     9 454     454       8     12
     9 455     455       8     13
     9 456     456       8     14
     9 457     457       8     15
     9 458     458       8     16
     9 459     459       8     17
     9 460     460       7      1
     9 461     461       7      2
     9 462     462       7      3
     9 463     463       7      4
     9 464     464       7      5
     9 465     465       7      6
     9 466     466       7      7
     9 467     467       7      8
     9 468     468       7      9
     9 469     469       7     10
     9 470     470       7     11
     9 471     471       7     12
     9 472     472       7     13
     9 473     473       7     14
     9 474     474       7     15
     9 475     475       7     16
     9 476     476       7     17
     9 477     477       6      1
     9 478     478       6      2
     9 479     479       6      3
     9 480     480       6      4
     9 481     481       6      5
     9 482     482       6      6
     9 483     483       6      7
     9 484     484       6      8
     9 485     485       6      9
     9 486     486       6     10
     9 487     487       6     11
     9 488     488       6     12
     9 489     489       6     13
     9 490     490       6     14
     9 491     491       6     15
     9 492     492       6     16
     9 493     493       6     17
     9 494     494       5      1
     9 495     495       5      2
     9 496     496       5      3
     9 497     497       5      4
     9 498     498       5      5
     9 499     499       5      6
     9 500     500       5      7
     9 501     501       5      8
     9 502     502       5      9
     9 503     503       5     10
     9 504     504       5     11
     9 505     505       5     12
     9 506     506       5     13
     9 507     507       5     14
     9 508     508       5     15
     9 509     509       5     16
     9 510     510       5     17
     9 511     511       4      1
     9 512     512       4      2
     9 513     513       4      3
     9 514     514       4      4
     9 515     515       4      5
     9 516     516       4      6
     9 517     517       4      7
     9 518     518       4      8
     9 519     519       4      9
     9 520     520       4     10
     9 521     521       4     11
     9 522     522       4     12
     9 523     523       4     13
     9 524     524       4     14
     9 525     525       4     15
     9 526     526       4     16
     9 527     527       4     17
     9 528     528       3      1
     9 529     529       3      2
     9 530     530       3      3
     9 531     531       3      4
     9 532     532       3      5
     9 533     533       3      6
     9 534     534       3      7
     9 535     535       3      8
     9 536     536       3      9
     9 537     537       3     10
     9 538     538       3     11
     9 539     539       3     12
     9 540     540       3     13
     9 541     541       3     14
     9 542     542       3     15
     9 543     543       3     16
     9 544     544       3     17
     9 545     545       2      1
     9 546     546       2      2
     9 547     547       2      3
     9 548     548       2      4
     9 549     549       2      5
     9 550     550       2      6
     9 551     551       2      7
     9 552     552       2      8
     9 553     553       2      9
     9 554     554       2     10
     9 555     555       2     11
     9 556     556       2     12
     9 557     557       2     13
     9 558     558       2     14
     9 559     559       2     15
     9 560     560       2     16
     9 561     561       2     17
     9 562     562       1      1
     9 563     563       1      2
     9 564     564       1      3
     9 565     565       1      4
     9 566     566       1      5
     9 567     567       1      6
     9 568     568       1      7
     9 569     569       1      8
     9 570     570       1      9
     9 571     571       1     10
     9 572     572       1     11
     9 573     573       1     12
     9 574     574       1     13
     9 575     575       1     14
     9 576     576       1     15
     9 577     577       1     16
     9 578     578       1     17
DetectorId=10
detiid  ch   getCh  getRow getCol
    10   1       1      24      1
    10   2       2      24      2
    10   3       3      24      3
    10   4       4      24      4
    10   5       5      24      5
    10   6       6      24      6
    10   7       7      24      7
    10   8       8      24      8
    10   9       9      24      9
    10  10      10      24     10
    10  11      11      24     11
    10  12      12      24     12
    10  13      13      23      1
    10  14      14      23      2
    10  15      15      23      3
    10  16      16      23      4
    10  17      17      23      5
    10  18      18      23      6
    10  19      19      23      7
    10  20      20      23      8
    10  21      21      23      9
    10  22      22      23     10
    10  23      23      23     11
    10  24      24      23     12
    10  25      25      22      1
    10  26      26      22      2
    10  27      27      22      3
    10  28      28      22      4
    10  29      29      22      5
    10  30      30      22      6
    10  31      31      22      7
    10  32      32      22      8
    10  33      33      22      9
    10  34      34      22     10
    10  35      35      22     11
    10  36      36      22     12
    10  37      37      21      1
    10  38      38      21      2
    10  39      39      21      3
    10  40      40      21      4
    10  41      41      21      5
    10  42      42      21      6
    10  43      43      21      7
    10  44      44      21      8
    10  45      45      21      9
    10  46      46      21     10
    10  47      47      21     11
    10  48      48      21     12
    10  49      49      20      1
    10  50      50      20      2
    10  51      51      20      3
    10  52      52      20      4
    10  53      53      20      5
    10  54      54      20      6
    10  55      55      20      7
    10  56      56      20      8
    10  57      57      20      9
    10  58      58      20     10
    10  59      59      20     11
    10  60      60      20     12
    10  61      61      19      1
    10  62      62      19      2
    10  63      63      19      3
    10  64      64      19      4
    10  65      65      19      5
    10  66      66      19      6
    10  67      67      19      7
    10  68      68      19      8
    10  69      69      19      9
    10  70      70      19     10
    10  71      71      19     11
    10  72      72      19     12
    10  73      73      18      1
    10  74      74      18      2
    10  75      75      18      3
    10  76      76      18      4
    10  77      77      18      5
    10  78      78      18      6
    10  79      79      18      7
    10  80      80      18      8
    10  81      81      18      9
    10  82      82      18     10
    10  83      83      18     11
    10  84      84      18     12
    10  85      85      17      1
    10  86      86      17      2
    10  87      87      17      3
    10  88      88      17      4
    10  89      89      17      5
    10  90      90      17      6
    10  91      91      17      7
    10  92      92      17      8
    10  93      93      17      9
    10  94      94      17     10
    10  95      95      17     11
    10  96      96      17     12
    10  97      97      16      1
    10  98      98      16      2
    10  99      99      16      3
    10 100     100      16      4
    10 101     101      16      5
    10 102     102      16      6
    10 103     103      16      7
    10 104     104      16      8
    10 105     105      16      9
    10 106     106      16     10
    10 107     107      16     11
    10 108     108      16     12
    10 109     109      15      1
    10 110     110      15      2
    10 111     111      15      3
    10 112     112      15      4
    10 113     113      15      5
    10 114     114      15      6
    10 115     115      15      7
    10 116     116      15      8
    10 117     117      15      9
    10 118     118      15     10
    10 119     119      15     11
    10 120     120      15     12
    10 121     121      14      1
    10 122     122      14      2
    10 123     123      14      3
    10 124     124      14      4
    10 125     125      14      5
    10 126     126      14      6
    10 127     127      14      7
    10 128     128      14      8
    10 129     129      14      9
    10 130     130      14     10
    10 131     131      14     11
    10 132     132      14     12
    10 133     133      13      1
    10 134     134      13      2
    10 135     135      13      3
    10 136     136      13      4
    10 137     137      13      5
    10 138     138      13      6
    10 139     139      13      7
    10 140     140      13      8
    10 141     141      13      9
    10 142     142      13     10
    10 143     143      13     11
    10 144     144      13     12
    10 145     145      12      1
    10 146     146      12      2
    10 147     147      12      3
    10 148     148      12      4
    10 149     149      12      5
    10 150     150      12      6
    10 151     151      12      7
    10 152     152      12      8
    10 153     153      12      9
    10 154     154      12     10
    10 155     155      12     11
    10 156     156      12     12
    10 157     157      11      1
    10 158     158      11      2
    10 159     159      11      3
    10 160     160      11      4
    10 161     161      11      5
    10 162     162      11      6
    10 163     163      11      7
    10 164     164      11      8
    10 165     165      11      9
    10 166     166      11     10
    10 167     167      11     11
    10 168     168      11     12
    10 169     169      10      1
    10 170     170      10      2
    10 171     171      10      3
    10 172     172      10      4
    10 173     173      10      5
    10 174     174      10      6
    10 175     175      10      7
    10 176     176      10      8
    10 177     177      10      9
    10 178     178      10     10
    10 179     179      10     11
    10 180     180      10     12
    10 181     181       9      1
    10 182     182       9      2
    10 183     183       9      3
    10 184     184       9      4
    10 185     185       9      5
    10 186     186       9      6
    10 187     187       9      7
    10 188     188       9      8
    10 189     189       9      9
    10 190     190       9     10
    10 191     191       9     11
    10 192     192       9     12
    10 193     193       8      1
    10 194     194       8      2
    10 195     195       8      3
    10 196     196       8      4
    10 197     197       8      5
    10 198     198       8      6
    10 199     199       8      7
    10 200     200       8      8
    10 201     201       8      9
    10 202     202       8     10
    10 203     203       8     11
    10 204     204       8     12
    10 205     205       7      1
    10 206     206       7      2
    10 207     207       7      3
    10 208     208       7      4
    10 209     209       7      5
    10 210     210       7      6
    10 211     211       7      7
    10 212     212       7      8
    10 213     213       7      9
    10 214     214       7     10
    10 215     215       7     11
    10 216     216       7     12
    10 217     217       6      1
    10 218     218       6      2
    10 219     219       6      3
    10 220     220       6      4
    10 221     221       6      5
    10 222     222       6      6
    10 223     223       6      7
    10 224     224       6      8
    10 225     225       6      9
    10 226     226       6     10
    10 227     227       6     11
    10 228     228       6     12
    10 229     229       5      1
    10 230     230       5      2
    10 231     231       5      3
    10 232     232       5      4
    10 233     233       5      5
    10 234     234       5      6
    10 235     235       5      7
    10 236     236       5      8
    10 237     237       5      9
    10 238     238       5     10
    10 239     239       5     11
    10 240     240       5     12
    10 241     241       4      1
    10 242     242       4      2
    10 243     243       4      3
    10 244     244       4      4
    10 245     245       4      5
    10 246     246       4      6
    10 247     247       4      7
    10 248     248       4      8
    10 249     249       4      9
    10 250     250       4     10
    10 251     251       4     11
    10 252     252       4     12
    10 253     253       3      1
    10 254     254       3      2
    10 255     255       3      3
    10 256     256       3      4
    10 257     257       3      5
    10 258     258       3      6
    10 259     259       3      7
    10 260     260       3      8
    10 261     261       3      9
    10 262     262       3     10
    10 263     263       3     11
    10 264     264       3     12
    10 265     265       2      1
    10 266     266       2      2
    10 267     267       2      3
    10 268     268       2      4
    10 269     269       2      5
    10 270     270       2      6
    10 271     271       2      7
    10 272     272       2      8
    10 273     273       2      9
    10 274     274       2     10
    10 275     275       2     11
    10 276     276       2     12
    10 277     277       1      1
    10 278     278       1      2
    10 279     279       1      3
    10 280     280       1      4
    10 281     281       1      5
    10 282     282       1      6
    10 283     283       1      7
    10 284     284       1      8
    10 285     285       1      9
    10 286     286       1     10
    10 287     287       1     11
    10 288     288       1     12
DetectorId=11
detiid  ch   getCh  getRow getCol
    11   1       1      24      1
    11   2       2      24      2
    11   3       3      24      3
    11   4       4      24      4
    11   5       5      24      5
    11   6       6      24      6
    11   7       7      24      7
    11   8       8      24      8
    11   9       9      24      9
    11  10      10      24     10
    11  11      11      24     11
    11  12      12      24     12
    11  13      13      23      1
    11  14      14      23      2
    11  15      15      23      3
    11  16      16      23      4
    11  17      17      23      5
    11  18      18      23      6
    11  19      19      23      7
    11  20      20      23      8
    11  21      21      23      9
    11  22      22      23     10
    11  23      23      23     11
    11  24      24      23     12
    11  25      25      22      1
    11  26      26      22      2
    11  27      27      22      3
    11  28      28      22      4
    11  29      29      22      5
    11  30      30      22      6
    11  31      31      22      7
    11  32      32      22      8
    11  33      33      22      9
    11  34      34      22     10
    11  35      35      22     11
    11  36      36      22     12
    11  37      37      21      1
    11  38      38      21      2
    11  39      39      21      3
    11  40      40      21      4
    11  41      41      21      5
    11  42      42      21      6
    11  43      43      21      7
    11  44      44      21      8
    11  45      45      21      9
    11  46      46      21     10
    11  47      47      21     11
    11  48      48      21     12
    11  49      49      20      1
    11  50      50      20      2
    11  51      51      20      3
    11  52      52      20      4
    11  53      53      20      5
    11  54      54      20      6
    11  55      55      20      7
    11  56      56      20      8
    11  57      57      20      9
    11  58      58      20     10
    11  59      59      20     11
    11  60      60      20     12
    11  61      61      19      1
    11  62      62      19      2
    11  63      63      19      3
    11  64      64      19      4
    11  65      65      19      5
    11  66      66      19      6
    11  67      67      19      7
    11  68      68      19      8
    11  69      69      19      9
    11  70      70      19     10
    11  71      71      19     11
    11  72      72      19     12
    11  73      73      18      1
    11  74      74      18      2
    11  75      75      18      3
    11  76      76      18      4
    11  77      77      18      5
    11  78      78      18      6
    11  79      79      18      7
    11  80      80      18      8
    11  81      81      18      9
    11  82      82      18     10
    11  83      83      18     11
    11  84      84      18     12
    11  85      85      17      1
    11  86      86      17      2
    11  87      87      17      3
    11  88      88      17      4
    11  89      89      17      5
    11  90      90      17      6
    11  91      91      17      7
    11  92      92      17      8
    11  93      93      17      9
    11  94      94      17     10
    11  95      95      17     11
    11  96      96      17     12
    11  97      97      16      1
    11  98      98      16      2
    11  99      99      16      3
    11 100     100      16      4
    11 101     101      16      5
    11 102     102      16      6
    11 103     103      16      7
    11 104     104      16      8
    11 105     105      16      9
    11 106     106      16     10
    11 107     107      16     11
    11 108     108      16     12
    11 109     109      15      1
    11 110     110      15      2
    11 111     111      15      3
    11 112     112      15      4
    11 113     113      15      5
    11 114     114      15      6
    11 115     115      15      7
    11 116     116      15      8
    11 117     117      15      9
    11 118     118      15     10
    11 119     119      15     11
    11 120     120      15     12
    11 121     121      14      1
    11 122     122      14      2
    11 123     123      14      3
    11 124     124      14      4
    11 125     125      14      5
    11 126     126      14      6
    11 127     127      14      7
    11 128     128      14      8
    11 129     129      14      9
    11 130     130      14     10
    11 131     131      14     11
    11 132     132      14     12
    11 133     133      13      1
    11 134     134      13      2
    11 135     135      13      3
    11 136     136      13      4
    11 137     137      13      5
    11 138     138      13      6
    11 139     139      13      7
    11 140     140      13      8
    11 141     141      13      9
    11 142     142      13     10
    11 143     143      13     11
    11 144     144      13     12
    11 145     145      12      1
    11 146     146      12      2
    11 147     147      12      3
    11 148     148      12      4
    11 149     149      12      5
    11 150     150      12      6
    11 151     151      12      7
    11 152     152      12      8
    11 153     153      12      9
    11 154     154      12     10
    11 155     155      12     11
    11 156     156      12     12
    11 157     157      11      1
    11 158     158      11      2
    11 159     159      11      3
    11 160     160      11      4
    11 161     161      11      5
    11 162     162      11      6
    11 163     163      11      7
    11 164     164      11      8
    11 165     165      11      9
    11 166     166      11     10
    11 167     167      11     11
    11 168     168      11     12
    11 169     169      10      1
    11 170     170      10      2
    11 171     171      10      3
    11 172     172      10      4
    11 173     173      10      5
    11 174     174      10      6
    11 175     175      10      7
    11 176     176      10      8
    11 177     177      10      9
    11 178     178      10     10
    11 179     179      10     11
    11 180     180      10     12
    11 181     181       9      1
    11 182     182       9      2
    11 183     183       9      3
    11 184     184       9      4
    11 185     185       9      5
    11 186     186       9      6
    11 187     187       9      7
    11 188     188       9      8
    11 189     189       9      9
    11 190     190       9     10
    11 191     191       9     11
    11 192     192       9     12
    11 193     193       8      1
    11 194     194       8      2
    11 195     195       8      3
    11 196     196       8      4
    11 197     197       8      5
    11 198     198       8      6
    11 199     199       8      7
    11 200     200       8      8
    11 201     201       8      9
    11 202     202       8     10
    11 203     203       8     11
    11 204     204       8     12
    11 205     205       7      1
    11 206     206       7      2
    11 207     207       7      3
    11 208     208       7      4
    11 209     209       7      5
    11 210     210       7      6
    11 211     211       7      7
    11 212     212       7      8
    11 213     213       7      9
    11 214     214       7     10
    11 215     215       7     11
    11 216     216       7     12
    11 217     217       6      1
    11 218     218       6      2
    11 219     219       6      3
    11 220     220       6      4
    11 221     221       6      5
    11 222     222       6      6
    11 223     223       6      7
    11 224     224       6      8
    11 225     225       6      9
    11 226     226       6     10
    11 227     227       6     11
    11 228     228       6     12
    11 229     229       5      1
    11 230     230       5      2
    11 231     231       5      3
    11 232     232       5      4
    11 233     233       5      5
    11 234     234       5      6
    11 235     235       5      7
    11 236     236       5      8
    11 237     237       5      9
    11 238     238       5     10
    11 239     239       5     11
    11 240     240       5     12
    11 241     241       4      1
    11 242     242       4      2
    11 243     243       4      3
    11 244     244       4      4
    11 245     245       4      5
    11 246     246       4      6
    11 247     247       4      7
    11 248     248       4      8
    11 249     249       4      9
    11 250     250       4     10
    11 251     251       4     11
    11 252     252       4     12
    11 253     253       3      1
    11 254     254       3      2
    11 255     255       3      3
    11 256     256       3      4
    11 257     257       3      5
    11 258     258       3      6
    11 259     259       3      7
    11 260     260       3      8
    11 261     261       3      9
    11 262     262       3     10
    11 263     263       3     11
    11 264     264       3     12
    11 265     265       2      1
    11 266     266       2      2
    11 267     267       2      3
    11 268     268       2      4
    11 269     269       2      5
    11 270     270       2      6
    11 271     271       2      7
    11 272     272       2      8
    11 273     273       2      9
    11 274     274       2     10
    11 275     275       2     11
    11 276     276       2     12
    11 277     277       1      1
    11 278     278       1      2
    11 279     279       1      3
    11 280     280       1      4
    11 281     281       1      5
    11 282     282       1      6
    11 283     283       1      7
    11 284     284       1      8
    11 285     285       1      9
    11 286     286       1     10
    11 287     287       1     11
    11 288     288       1     12
