 8   1 0
 8   2 0
 8   3 0
 8   4 0
 8   5 0
 8   6 0
 8   7 0
 8   8 2
 8   9 2
 8  10 2
 8  18 9
 8  19 9
 8  20 9
 8  21 9
 8  22 9
 8  23 9
 8  24 9
 8  25 9
 8  26 9
 8  27 9
 8  28 2
 8  35 9
 8  36 9
 8  37 9
 8  38 9
 8  39 9
 8  40 9
 8  41 9
 8  42 0
 8  43 9
 8  44 9
 8  45 9
 8  46 9
 8  52 9
 8  53 9
 8  54 9
 8  55 9
 8  56 9
 8  57 9
 8  58 9
 8  59 9
 8  60 9
 8  61 9
 8  62 9
 8  63 9
 8  64 0
 8  69 9
 8  70 9
 8  71 9
 8  72 9
 8  73 2
 8  74 9
 8  75 9
 8  76 9
 8  77 9
 8  78 9
 8  79 9
 8  80 9
 8  81 0
 8  82 0
 8  86 9
 8  87 9
 8  88 9
 8  89 9
 8  90 9
 8  91 9
 8  92 9
 8  93 9
 8  94 9
 8  95 9
 8  96 9
 8  97 9
 8  98 9
 8  99 0
 8 100 9
 8 103 9
 8 104 9
 8 105 9
 8 106 9
 8 107 9
 8 108 9
 8 109 9
 8 110 9
 8 111 9
 8 112 9
 8 113 9
 8 114 9
 8 115 9
 8 116 9
 8 117 9
 8 118 9
 8 120 9
 8 121 9
 8 122 9
 8 123 9
 8 124 9
 8 125 9
 8 126 9
 8 127 9
 8 128 9
 8 129 9
 8 130 9
 8 131 9
 8 132 9
 8 133 9
 8 134 9
 8 135 0
 8 136 0
 8 137 9
 8 138 9
 8 139 9
 8 140 9
 8 141 9
 8 142 9
 8 143 9
 8 144 9
 8 145 9
 8 146 9
 8 147 9
 8 148 9
 8 149 9
 8 150 9
 8 151 9
 8 152 9
 8 153 0
 8 162 9
 8 163 9
 8 164 9
 8 165 9
 8 166 9
 8 167 9
 8 168 9
 8 169 9
 8 170 0
 8 179 9
 8 180 9
 8 181 9
 8 182 9
 8 183 9
 8 184 9
 8 185 9
 8 186 9
 8 187 0
 8 196 9
 8 197 9
 8 198 9
 8 199 9
 8 200 9
 8 201 9
 8 202 9
 8 203 9
 8 204 0
 8 213 9
 8 214 9
 8 215 9
 8 216 9
 8 217 9
 8 218 9
 8 219 9
 8 220 9
 8 221 1
 8 230 9
 8 231 9
 8 232 9
 8 233 9
 8 234 9
 8 235 9
 8 236 9
 8 237 9
 8 238 0
 8 247 9
 8 248 9
 8 249 9
 8 250 9
 8 251 9
 8 252 9
 8 253 9
 8 254 9
 8 255 0
 8 264 9
 8 265 9
 8 266 9
 8 267 9
 8 268 9
 8 269 9
 8 270 9
 8 271 9
 8 272 9
 8 281 9
 8 282 9
 8 283 9
 8 284 9
 8 285 9
 8 286 9
 8 287 9
 8 288 9
 8 289 0
 8 298 9
 8 299 9
 8 300 9
 8 301 9
 8 302 9
 8 303 9
 8 304 9
 8 305 9
 8 306 0
 8 315 9
 8 316 9
 8 317 9
 8 318 9
 8 319 9
 8 320 9
 8 321 9
 8 322 9
 8 323 0
 8 332 9
 8 333 9
 8 334 9
 8 335 9
 8 336 9
 8 337 9
 8 338 9
 8 339 9
 8 340 0
 8 349 9
 8 350 9
 8 351 9
 8 352 9
 8 353 9
 8 354 9
 8 355 9
 8 356 9
 8 357 9
 8 366 9
 8 367 9
 8 368 9
 8 369 9
 8 370 9
 8 371 9
 8 372 9
 8 373 9
 8 374 9
 8 383 9
 8 384 9
 8 385 9
 8 386 9
 8 387 9
 8 388 9
 8 389 9
 8 390 9
 8 391 0
 8 400 9
 8 401 9
 8 402 9
 8 403 9
 8 404 9
 8 405 9
 8 406 9
 8 407 9
 8 408 0
 8 417 9
 8 418 9
 8 419 9
 8 420 9
 8 421 9
 8 422 9
 8 423 9
 8 424 9
 8 425 0
 8 426 9
 8 427 9
 8 428 9
 8 429 9
 8 430 9
 8 431 9
 8 432 9
 8 433 9
 8 434 9
 8 435 9
 8 436 9
 8 437 9
 8 438 9
 8 439 9
 8 440 9
 8 441 9
 8 442 0
 8 443 9
 8 444 9
 8 445 9
 8 446 9
 8 447 9
 8 448 9
 8 449 2
 8 450 9
 8 451 9
 8 452 9
 8 453 9
 8 454 9
 8 455 9
 8 456 9
 8 457 9
 8 458 9
 8 459 0
 8 460 9
 8 461 9
 8 462 9
 8 463 9
 8 464 9
 8 465 9
 8 466 9
 8 467 9
 8 468 9
 8 469 9
 8 470 9
 8 471 9
 8 472 9
 8 473 9
 8 474 2
 8 475 9
 8 477 9
 8 478 9
 8 479 9
 8 480 9
 8 481 9
 8 482 9
 8 483 0
 8 484 9
 8 485 9
 8 486 9
 8 487 9
 8 488 9
 8 489 9
 8 490 9
 8 491 9
 8 494 9
 8 495 9
 8 496 9
 8 497 9
 8 498 9
 8 499 9
 8 500 9
 8 501 9
 8 502 9
 8 503 9
 8 504 9
 8 505 9
 8 506 9
 8 507 9
 8 511 9
 8 512 9
 8 513 9
 8 514 9
 8 515 9
 8 516 9
 8 517 9
 8 518 9
 8 519 9
 8 520 9
 8 521 9
 8 522 0
 8 523 9
 8 528 1
 8 529 9
 8 530 9
 8 531 9
 8 532 9
 8 533 9
 8 534 9
 8 535 9
 8 536 9
 8 537 9
 8 538 9
 8 539 9
 8 545 9
 8 546 9
 8 547 9
 8 548 9
 8 549 9
 8 550 0
 8 551 9
 8 552 9
 8 553 9
 8 554 9
 8 555 9
 8 562 0
 8 563 0
 8 564 0
 8 565 0
 8 566 1
 8 567 0
 8 568 0
 8 569 0
 8 570 0
 8 571 9
 9   1 0
 9   2 9
 9   3 0
 9   4 0
 9   5 0
 9   6 9
 9   7 0
 9   8 0
 9   9 0
 9  10 0
 9  18 9
 9  19 0
 9  20 9
 9  21 9
 9  22 9
 9  23 9
 9  24 9
 9  25 9
 9  26 9
 9  27 9
 9  28 9
 9  35 0
 9  36 9
 9  37 1
 9  38 9
 9  39 9
 9  40 9
 9  41 9
 9  42 9
 9  43 9
 9  44 9
 9  45 9
 9  46 9
 9  52 9
 9  53 9
 9  54 9
 9  55 9
 9  56 9
 9  57 9
 9  58 9
 9  59 9
 9  60 9
 9  61 9
 9  62 9
 9  63 9
 9  64 9
 9  69 9
 9  70 9
 9  71 9
 9  72 9
 9  73 9
 9  74 9
 9  75 9
 9  76 9
 9  77 9
 9  78 9
 9  79 9
 9  80 9
 9  81 9
 9  82 9
 9  86 9
 9  87 9
 9  88 9
 9  89 9
 9  90 9
 9  91 9
 9  92 9
 9  93 9
 9  94 9
 9  95 9
 9  96 9
 9  97 9
 9  98 9
 9  99 9
 9 100 9
 9 103 9
 9 104 9
 9 105 9
 9 106 9
 9 107 9
 9 108 9
 9 109 9
 9 110 9
 9 111 9
 9 112 9
 9 113 9
 9 114 9
 9 115 9
 9 116 9
 9 117 9
 9 118 9
 9 120 9
 9 121 9
 9 122 9
 9 123 9
 9 124 9
 9 125 9
 9 126 9
 9 127 9
 9 128 9
 9 129 9
 9 130 9
 9 131 9
 9 132 9
 9 133 9
 9 134 9
 9 135 9
 9 136 9
 9 137 9
 9 138 9
 9 139 9
 9 140 9
 9 141 9
 9 142 9
 9 143 9
 9 144 9
 9 145 9
 9 146 9
 9 147 9
 9 148 9
 9 149 9
 9 150 9
 9 151 9
 9 152 9
 9 153 9
 9 162 9
 9 163 9
 9 164 9
 9 165 9
 9 166 9
 9 167 9
 9 168 9
 9 169 9
 9 170 9
 9 179 9
 9 180 9
 9 181 9
 9 182 9
 9 183 9
 9 184 9
 9 185 9
 9 186 9
 9 187 0
 9 196 9
 9 197 9
 9 198 9
 9 199 9
 9 200 9
 9 201 9
 9 202 9
 9 203 9
 9 204 0
 9 213 9
 9 214 9
 9 215 9
 9 216 9
 9 217 9
 9 218 9
 9 219 9
 9 220 9
 9 221 0
 9 230 9
 9 231 9
 9 232 9
 9 233 9
 9 234 9
 9 235 9
 9 236 9
 9 237 9
 9 238 0
 9 247 9
 9 248 9
 9 249 9
 9 250 9
 9 251 9
 9 252 9
 9 253 9
 9 254 9
 9 255 0
 9 264 9
 9 265 9
 9 266 9
 9 267 9
 9 268 9
 9 269 9
 9 270 9
 9 271 9
 9 272 0
 9 281 9
 9 282 9
 9 283 9
 9 284 9
 9 285 9
 9 286 9
 9 287 9
 9 288 9
 9 289 9
 9 298 9
 9 299 9
 9 300 9
 9 301 9
 9 302 9
 9 303 9
 9 304 9
 9 305 9
 9 306 9
 9 315 9
 9 316 9
 9 317 9
 9 318 9
 9 319 9
 9 320 2
 9 321 9
 9 322 9
 9 323 9
 9 332 9
 9 333 9
 9 334 9
 9 335 9
 9 336 9
 9 337 9
 9 338 9
 9 339 9
 9 340 9
 9 349 9
 9 350 9
 9 351 9
 9 352 9
 9 353 9
 9 354 9
 9 355 9
 9 356 9
 9 357 0
 9 366 9
 9 367 9
 9 368 9
 9 369 9
 9 370 9
 9 371 9
 9 372 9
 9 373 9
 9 374 0
 9 383 9
 9 384 9
 9 385 9
 9 386 9
 9 387 9
 9 388 9
 9 389 9
 9 390 9
 9 391 0
 9 400 9
 9 401 9
 9 402 9
 9 403 9
 9 404 9
 9 405 9
 9 406 9
 9 407 9
 9 408 0
 9 417 9
 9 418 9
 9 419 9
 9 420 9
 9 421 9
 9 422 9
 9 423 9
 9 424 9
 9 425 0
 9 426 9
 9 427 9
 9 428 9
 9 429 9
 9 430 9
 9 431 9
 9 432 9
 9 433 9
 9 434 9
 9 435 9
 9 436 9
 9 437 9
 9 438 9
 9 439 9
 9 440 9
 9 441 9
 9 442 0
 9 443 9
 9 444 9
 9 445 9
 9 446 9
 9 447 9
 9 448 9
 9 449 9
 9 450 9
 9 451 9
 9 452 9
 9 453 9
 9 454 9
 9 455 9
 9 456 9
 9 457 9
 9 458 9
 9 459 9
 9 460 9
 9 461 9
 9 462 9
 9 463 9
 9 464 9
 9 465 9
 9 466 9
 9 467 9
 9 468 9
 9 469 9
 9 470 9
 9 471 9
 9 472 9
 9 473 9
 9 474 2
 9 475 0
 9 477 9
 9 478 9
 9 479 9
 9 480 9
 9 481 9
 9 482 9
 9 483 9
 9 484 9
 9 485 9
 9 486 9
 9 487 9
 9 488 9
 9 489 9
 9 490 9
 9 491 9
 9 494 9
 9 495 9
 9 496 9
 9 497 9
 9 498 9
 9 499 9
 9 500 9
 9 501 9
 9 502 9
 9 503 9
 9 504 9
 9 505 9
 9 506 9
 9 507 0
 9 511 9
 9 512 9
 9 513 9
 9 514 9
 9 515 9
 9 516 9
 9 517 9
 9 518 9
 9 519 9
 9 520 9
 9 521 9
 9 522 9
 9 523 0
 9 528 9
 9 529 9
 9 530 9
 9 531 9
 9 532 9
 9 533 9
 9 534 9
 9 535 9
 9 536 9
 9 537 9
 9 538 9
 9 539 9
 9 545 9
 9 546 9
 9 547 9
 9 548 9
 9 549 9
 9 550 9
 9 551 9
 9 552 9
 9 553 9
 9 554 9
 9 555 9
 9 562 0
 9 563 0
 9 564 0
 9 565 0
 9 566 0
 9 567 9
 9 568 9
 9 569 9
 9 570 0
 9 571 0
10   1 9
10   2 9
10   3 9
10   4 9
10   5 9
10   6 9
10   7 9
10   8 9
10   9 2
10  10 9
10  11 9
10  12 9
10  13 9
10  14 9
10  15 9
10  16 9
10  17 9
10  18 9
10  19 9
10  20 9
10  21 9
10  22 9
10  23 9
10  24 9
10  25 9
10  26 9
10  27 9
10  28 9
10  29 9
10  30 9
10  31 9
10  32 9
10  33 9
10  34 9
10  35 9
10  36 9
10  37 9
10  38 0
10  39 9
10  40 9
10  41 9
10  42 9
10  43 9
10  44 9
10  45 9
10  46 9
10  47 1
10  48 2
10  49 0
10  50 0
10  51 0
10  52 9
10  53 9
10  54 9
10  55 9
10  56 2
10  57 9
10  58 9
10  59 9
10  60 9
10  61 9
10  62 0
10  63 0
10  64 9
10  65 9
10  66 9
10  67 9
10  68 9
10  69 9
10  70 9
10  71 9
10  72 9
10  73 9
10  74 9
10  75 9
10  76 9
10  77 9
10  78 9
10  79 9
10  80 9
10  81 9
10  82 9
10  83 9
10  84 9
10  90 9
10  91 9
10  92 9
10  93 9
10  94 9
10  95 9
10  96 9
10 102 9
10 103 9
10 104 9
10 105 9
10 106 9
10 107 9
10 108 9
10 114 9
10 115 9
10 116 9
10 117 9
10 118 9
10 119 9
10 120 9
10 126 9
10 127 9
10 128 9
10 129 9
10 130 9
10 131 9
10 132 9
10 138 0
10 139 9
10 140 9
10 141 9
10 142 9
10 143 9
10 144 9
10 150 9
10 151 0
10 152 9
10 153 9
10 154 2
10 155 9
10 156 9
10 162 0
10 163 0
10 164 0
10 165 9
10 166 9
10 167 9
10 168 9
10 174 0
10 175 0
10 176 2
10 177 9
10 178 9
10 179 9
10 180 9
10 186 0
10 187 0
10 188 0
10 189 9
10 190 9
10 191 1
10 192 9
10 198 2
10 199 2
10 200 9
10 201 9
10 202 9
10 203 2
10 204 2
10 205 1
10 206 1
10 207 1
10 208 1
10 209 1
10 210 2
10 211 0
10 212 2
10 213 9
10 214 9
10 215 1
10 216 9
10 217 0
10 218 0
10 219 0
10 220 0
10 221 0
10 222 9
10 223 9
10 224 9
10 225 9
10 226 9
10 227 9
10 228 9
10 229 0
10 230 0
10 231 0
10 232 2
10 233 9
10 234 9
10 235 9
10 236 9
10 237 9
10 238 9
10 239 9
10 240 9
10 241 0
10 242 0
10 243 9
10 244 9
10 245 9
10 246 9
10 247 9
10 248 9
10 249 9
10 250 9
10 251 9
10 252 9
10 253 9
10 254 9
10 255 9
10 256 9
10 257 9
10 258 9
10 259 9
10 260 9
10 261 9
10 262 1
10 263 9
10 264 9
10 265 9
10 266 9
10 267 9
10 268 9
10 269 9
10 270 9
10 271 9
10 272 9
10 273 9
10 274 9
10 275 9
10 276 9
10 277 9
10 278 9
10 279 9
10 280 9
10 281 9
10 282 0
10 283 9
10 284 0
10 285 9
10 286 9
10 287 9
10 288 1
11   1 9
11   2 9
11   3 9
11   4 0
11   5 1
11   6 9
11   7 9
11   8 9
11   9 9
11  10 9
11  11 9
11  12 1
11  13 0
11  14 9
11  15 9
11  16 9
11  17 9
11  18 9
11  19 9
11  20 9
11  21 9
11  22 9
11  23 9
11  24 0
11  25 9
11  26 9
11  27 9
11  28 9
11  29 9
11  30 9
11  31 9
11  32 9
11  33 9
11  34 0
11  35 0
11  36 9
11  37 9
11  38 1
11  39 9
11  40 9
11  41 9
11  42 9
11  43 9
11  44 9
11  45 9
11  46 9
11  47 9
11  48 9
11  49 9
11  50 9
11  51 9
11  52 9
11  53 9
11  54 9
11  55 9
11  56 9
11  57 9
11  58 2
11  59 9
11  60 9
11  61 9
11  62 9
11  63 9
11  64 9
11  65 9
11  66 9
11  67 9
11  68 9
11  69 9
11  70 9
11  71 9
11  72 9
11  73 9
11  74 9
11  75 9
11  76 9
11  77 9
11  78 9
11  79 9
11  80 2
11  81 9
11  82 9
11  83 9
11  84 9
11  90 9
11  91 9
11  92 9
11  93 9
11  94 9
11  95 9
11  96 9
11 102 9
11 103 9
11 104 9
11 105 9
11 106 9
11 107 9
11 108 9
11 114 9
11 115 9
11 116 9
11 117 9
11 118 2
11 119 9
11 120 9
11 126 9
11 127 9
11 128 9
11 129 9
11 130 9
11 131 9
11 132 9
11 138 9
11 139 9
11 140 9
11 141 9
11 142 9
11 143 9
11 144 9
11 150 9
11 151 9
11 152 9
11 153 9
11 154 9
11 155 9
11 156 9
11 162 9
11 163 9
11 164 9
11 165 9
11 166 9
11 167 9
11 168 9
11 174 9
11 175 9
11 176 9
11 177 9
11 178 9
11 179 9
11 180 9
11 186 9
11 187 9
11 188 9
11 189 9
11 190 9
11 191 9
11 192 9
11 198 2
11 199 9
11 200 9
11 201 9
11 202 9
11 203 9
11 204 9
11 205 1
11 206 1
11 207 0
11 208 1
11 209 1
11 210 1
11 211 9
11 212 9
11 213 9
11 214 9
11 215 9
11 216 9
11 217 1
11 218 0
11 219 1
11 220 0
11 221 9
11 222 9
11 223 9
11 224 9
11 225 1
11 226 9
11 227 9
11 228 9
11 229 1
11 230 9
11 231 0
11 232 9
11 233 9
11 234 9
11 235 2
11 236 9
11 237 9
11 238 9
11 239 9
11 240 9
11 241 1
11 242 9
11 243 9
11 244 9
11 245 9
11 246 9
11 247 9
11 248 9
11 249 9
11 250 9
11 251 9
11 252 9
11 253 9
11 254 9
11 255 9
11 256 9
11 257 0
11 258 1
11 259 9
11 260 9
11 261 9
11 262 9
11 263 9
11 264 9
11 265 9
11 266 9
11 267 9
11 268 9
11 269 9
11 270 9
11 271 9
11 272 9
11 273 0
11 274 9
11 275 9
11 276 9
11 277 9
11 278 9
11 279 9
11 280 9
11 281 2
11 282 9
11 283 0
11 284 0
11 285 9
11 286 9
11 287 2
11 288 1
