16066033
16066035
16066046
16066047
16066049
16066050
16066051
16066052
16066053
16066054
16066055
16066059
16066060
16067001
16067003
16067004
16067005
16067006
16067013
16067014
16067015
16067016
16067017
16067019
16067020
16067021
16067022
16068022
16068023
16068024
16068025
16068028
16068029
16068030
16068032
16068034
16068035
16068036
16068037
16068038
16068039
16068040
16068042
16068055
16068056
16068057
16068058
16069001
16069002
16069003
16069004
16069005
16069006
16069007
16069008
16069009
16069010
16069011
16069012
16069016
16069024
16069025
16069026
16069027
16069028
16069029
16069030
16069031
16069032
16069033
16069034
16069035
16069036
16069038
16069039
16069040
16069041
16069042
16069053
16069054
16069055
16069060
16069062
16069063
16069064
16069065
16069066
16069067
16070003
16070004
16070005
16070006
16070008
16070009
16070010
16070012
16070013
16070014
16070015
16070039
16071001
16071002
16071003
16071006
16071007
16071010
16071016
16071018
16071021
16071022
16071023
16071024
16071025
16071026
16071027
16071043
16071044
16071045
16071046
16071050
16071051
16071052
16071053
16071054
16071055
16071056
16071058
16071059
16071060
16071061
16071062
16071076
16071077
16071078
16071079
16072001
16072002
16072003
16072006
16072007
16072008
16072009
16072010
16072012
16072013
16072014
16072021
16072022
16072023
16072024
16072025
16072026
16072033
16072034
16072035
16072036
16072038
16072039
16072040
16072041
16072042
16072043
16072046
16072047
16072057
16072058
16072059
16072060
16072061
16072062
16073001
16073017
16073018
16073019
16073020
16073021
16073030
16073031
16073032
16073033
16073034
16073035
16073037
16073038
16073039
16073040
16077021
16077027
16077028
16077029
16077030
16077031
16077032
16077033
16077034
16077037
16077038
16077039
16077040
16077041
16077043
16077044
16077045
16077046
16077047
16077054
16077055
16078001
16078002
16078003
16078004
16078005
16078006
16078007
16078008
16078009
16078011
16078012
16078013
16078014
16078028
16078029
16078030
16078031
16078032
16078033
16078034
16078035
16078036
16078037
16078038
16078039
16078040
16078041
16078042
16078055
16078056
16079001
16079010
16079011
16079013
16079014
16079015
16079016
16079017
16079018
16079019
16079020
16079021
16079022
16079023
16079024
16079027
16079028
16079029
16079030
16079031
16079032
16079033
16079034
16079035
16079036
16079045
16079046
16079047
16079054
16079057
16079059
16079060
16079061
16079062
16079063
16080002
