16064078
16064079
16064080
16064081
16064082
16065001
16065002
16065003
16065005
16065006
16065007
16065008
16065009
16065010
16065011
16065012
16065013
16065014
16065015
16065016
16065017
16065018
16065024
16065025
16065027
16065028
16065037
16065038
16065039
16065041
16065042
16065043
16065044
16065045
16065046
16065047
16065048
16065060
16065061
16066001
16066002
16066003
16066004
16066005
16066006
16066007
16066008
16066009
16066011
16066012
16066017
16066018
16066019
16066020
16066021
16066026
16066027
16066028
16066030
16066031
16066032
16066033
16066035
16066047
16066049
16066050
16066051
16066052
16066053
16066054
16066055
16066059
16066060
16067001
16067003
16067004
16067005
16067006
16067014
16067015
16067016
16067017
16067019
16067020
16067021
16067022
16067041
16067042
16067043
16067044
16068001
16068003
16068004
16068005
16068006
16068007
16068008
16068009
16068010
16068013
16068014
16068015
16068016
16068018
16068021
16068022
16068023
16068024
16068025
16068028
16068029
16068030
16068032
16068034
16068035
16068036
16068037
16068038
16068039
16068040
16068042
16068043
16068056
16068057
16068058
16069001
16069002
16069003
16069004
16069005
16069006
16069007
16069008
16069009
16069010
16069011
16069012
16069016
16069024
16069025
16069026
16069027
16069028
16069029
16069030
16069031
16069032
16069033
16069034
16069035
16069036
16069037
16069038
16069039
16069040
16069041
16069042
16069054
16069055
16069060
16069062
16069063
16069064
16069065
16069066
16069067
16070004
16070005
16070006
16070008
16070009
16070010
16070012
16070013
16070014
16070015
16071001
16071002
16071003
16071006
16071007
16071010
16071016
16071018
16071020
16071021
16071022
16071023
16071024
16071025
16071026
16071027
16071045
16071046
16071050
16071051
16071052
16071053
16071054
16071055
16071056
16071058
16071059
16071060
16071061
16071062
16071076
16071077
16071078
16071079
16072001
16072002
16072003
16072006
16072007
16072008
16072009
16072010
16072012
16072013
16072014
16072023
16072024
16072025
16072026
16072033
16072034
16072035
16072036
16072038
16072039
16072040
16072041
16072042
16072043
16072046
16072047
16072058
16072059
16072060
16072061
16072062
16073001
16073004
16073007
16073010
16073012
16073013
16073015
16073017
16073018
16073019
16073020
16073021
16073031
16073032
16073033
16073034
16073035
16073037
16073038
16073039
16073040
16073045
16073046
16073047
16073048
16073049
16073050
16077030
16077031
16077032
16077033
16077034
16077037
16077038
16077039
16077040
16077041
16077043
16077044
16077045
16077046
16077047
16078001
16078002
16078003
16078004
16078005
16078006
16078007
16078009
16078010
16078011
16078012
16078013
16078014
16078031
16078032
16078033
16078034
16078035
16078036
16078037
16078038
16078039
16078040
16078041
16078042
16078056
16079001
16079011
16079013
16079014
16079015
16079016
16079017
16079018
16079019
16079020
16079021
16079022
16079023
16079024
16079026
16079027
16079028
16079029
16079030
16079031
16079032
16079033
16079034
16079035
16079036
16079037
16079046
16079047
16079048
16079049
16079051
16079052
16079054
16079057
16079058
16079059
16079060
16079061
16079062
16079063
16080002
16080003
16080004
16080005
16080006
16080013
16080014
16080015
16080021
16080022
16080023
16080024
16080025
16080026
16080027
16080028
16080029
16080030
16080031
16080032
16080033
16080045
16080046
16080047
16080048
16080049
16080050
16080051
16080052
16080053
16080054
16080055
16081001
16081002
16081003
16081013
16081015
16081016
16081017
16081018
16081019
16081020
16081022
16081024
16081025
16081049
16081050
16081052
16081053
16081054
16081055
16081056
16081057
16081058
16081059
16081060
16081061
16082001
16082002
16082013
16082014
16082017
16082018
16082019
16082022
16082023
16082025
16082027
16082028
16082029
16082040
16082041
16082042
16082043
16082045
16082046
16082047
16082048
16082049
16082050
16082051
16082052
16082053
16082054
16082055
16082056
16082057
16083006
16083007
16083008
16083009
16083010
16083011
16083012
16083013
16083014
16083015
16083016
16083017
16083018
16083019
16083044
16083045
16083046
16083048
16083049
16083050
16083052
16083053
16083055
16083056
16083057
16083058
16083059
16083060
16084003
16084004
16084005
16084006
16084007
16084008
16084009
16084011
16084012
16084013
16084014
16084015
16084016
16084017
16084018
16085013
16085014
16085025
16085026
16085027
16085028
16085029
16085030
16085031
16085032
16085033
16085034
16085035
16085036
16085037
16085052
16085053
16085054
16085055
16085056
16085057
16085058
16085072
16085073
16085074
16086001
16086002
16086003
16086004
16086005
16086006
16086007
16086008
16086026
16086027
16086028
16086029
16086030
16086031
16086032
16086033
16086034
16086035
16086036
16086037
16086039
16086040
16086041
16086042
16086051
16086052
16086053
16086054
16087001
16087002
16087003
16087004
16087005
16087006
16087007
16087008
16087009
16087010
16087011
16087021
16087022
16087023
16087024
16087025
16087026
16087027
16087028
16087029
16087030
16087031
16087032
16087033
16087046
16087047
16087048
16087049
16087050
16087051
16087052
16087053
16087054
16087055
16088001
16088014
16088016
16088017
16088018
16088019
16088020
16088021
16088022
16088023
16088024
16088025
16088026
16088027
16088028
16088029
16088030
16088031
16088040
16088041
16088042
16088043
16088044
16088045
16088046
16088047
16088048
16088049
16088050
16089001
16089002
16089004
16089005
16089016
16089017
16089018
16089019
16089020
16089021
16089023
16089024
16089026
16089027
16089028
16089029
16089030
16089031
16089043
16089048
16089049
16089050
16089051
16089052
16089053
16089054
16090001
16090002
16090003
16090004
16090005
16090016
16090017
16090018
16090019
16090020
16090021
16090022
16090023
16090024
16090025
16090026
16090027
16090028
16090029
16090030
16090039
16090042
16091039
16091040
16091042
16091057
16091061
16091062
16091063
16092001
16092002
16092003
16092016
16092017
16092018
16092019
16092020
16092021
16092022
16092023
16092034
16092035
16092036
16092037
16092040
16092042
16092044
16092048
16092049
16092050
16092051
16092052
16092053
16092054
16092055
16092065
16092066
16092067
16092068
16092069
16092070
16092071
16093001
16093002
16093003
16093004
16093012
16093013
16093014
16093015
16093016
16093017
16093018
