
18149069	20933	1209
18149068	20933	1444
18149067	20933	1592
18149066	20933	28
18149065	20933	409
18149064	20933	913
18149063	20933	1527
18149061	20933	40
18149060	20933	1322
18149059	20933	22
18149057	20933	1653
18149056	20933	1762
18149055	20933	1764
18149052	20932	604
18149051	20932	1744
18149050	20932	1785
18149049	20932	1802
18149048	20932	1572
18149047	20932	410
18149046	20932	1887
18149045	20932	1715
18149044	20932	21
18149043	20932	374
18149042	20932	1303
18149041	20932	935
18149039	20932	1709
18149038	20932	1769
18149030	20931	920
18149029	20931	946
18149028	20931	994
18149027	20931	1683
18149026	20931	1686
18149025	20931	1855
18149024	20931	97
18149023	20931	15
18149022	20931	1474
18149021	20931	715
18149020	20931	2011
18149019	20931	342
18149018	20931	2068
18149017	20931	1811
18149016	20931	1693
18149012	20930	734
18149010	20930	238
18149009	20930	1825
18149008	20930	1822
18149006	20930	1130
18149005	20930	1862
18149004	20930	1467
18149003	20930	832
18149002	20930	1813
18149001	20930	17
18148069	20930	1802
18148068	20930	1802
18148067	20930	1632
18148066	20930	1465
18148065	20930	441
18148064	20930	1452
18148063	20930	1502
18148062	20930	1798
18148061	20930	1067
18148060	20930	911
18148059	20930	1801
18148058	20930	1601
18148054	20929	897
18148053	20929	1032
18148051	20929	1060
18148048	20929	886
18148047	20929	906
18148046	20929	1796
18148045	20929	1732
18148044	20929	944
18148043	20929	82
18148042	20929	24
18148041	20929	86
18148040	20929	110
18148039	20929	921
18148038	20929	758
18148037	20929	991
18148036	20929	27
18148035	20929	958
18148034	20929	1768
18148033	20929	1758
18148032	20929	1761
18148031	20929	1777
18148030	20929	1776
18148029	20929	82
18148028	20929	1754
18148023	20928	545
18148022	20928	1792
18148021	20928	291
18148020	20928	1778
18148019	20928	1195
18148017	20928	1625
18148016	20928	672
18148015	20928	1836
18148014	20928	1738
18148013	20928	1824
18148012	20928	1812
18148011	20928	1284
18148010	20928	1829
18148009	20928	902
18148008	20928	1401
18148007	20928	39
18148006	20928	1838
18148005	20928	340
18148004	20928	1179
18148002	20928	1010
18148001	20928	1862
18147053	20928	1831
18147052	20928	1568
18147049	20927	1766
18147048	20927	1806
18147047	20927	30
18147046	20927	1584
18147045	20927	1839
18147044	20927	1808
18147043	20927	1799
18147042	20927	1806
18147041	20927	1226
18147040	20927	1026
18147039	20927	931
18147038	20927	1768
18147037	20927	1753
18147036	20927	1747
18147035	20927	910
18147034	20927	1760
18147033	20927	1808
18147026	20926	1156
18147025	20926	1955
18147024	20926	1122
18147023	20926	1759
18147022	20926	1790
18147020	20926	633
18147019	20926	47
18147014	20925	1828
18147013	20925	1819
18147012	20925	642
18147011	20925	554
18147010	20925	1217
18147009	20925	1840
18147008	20925	1995
18147007	20925	71
18147006	20925	1122
18147005	20925	1018
18147004	20925	1842
18147003	20925	1853
18147002	20925	1607
18147001	20925	1319
18146049	20925	997
18146048	20925	1149
18146047	20925	1113
18146046	20925	1355
18146045	20925	1692
18146044	20925	168
18146043	20925	1807
18146042	20925	964
18146040	20925	2063
18146039	20925	1635
18146036	20924	1115
18146035	20924	1759
18146034	20924	61
18146033	20924	999
18146032	20924	1803
18146031	20924	117
18146030	20924	1396
18146029	20924	39
18146028	20924	1554
18146027	20924	1571
18146026	20924	1763
18146025	20924	1185
18146024	20924	1814
18146023	20924	618
18146022	20924	1733
18146021	20924	1816
18146020	20924	1812
18146019	20924	1821
18146018	20924	1800
18146012	20920	1254
18146011	20920	1537
18146010	20920	1568
18146009	20920	1803
18146008	20920	1847
18146007	20920	1584
18146005	20920	754
18146004	20920	1965
18146003	20920	1964
18146002	20920	1839
18146001	20920	1980
18145030	20919	1224
18145029	20919	1752
18144015	20911	1550
18144014	20911	1880
18144012	20911	1256
18144011	20911	1754
18144010	20911	2155
18144008	20911	72
18144007	20911	1694
18144006	20911	1008
18144005	20911	1953
18144004	20911	1092
18144003	20911	1907
18144002	20911	2445
18144001	20911	1845
18143058	20911	1822
18143057	20911	2164
18143056	20911	762
18143055	20911	1657
18143046	20910	434
18143045	20910	1584
18143044	20910	1654
18143043	20910	1806
18143042	20910	1806
18143041	20910	1826
18143040	20910	1844
18143039	20910	1415
18143038	20910	1840
18143037	20910	1515
18143036	20910	1840
18143035	20910	1789
18143034	20910	1761
18143033	20910	1667
18143032	20910	921
18143031	20910	1693
18143029	20910	1624
18143028	20910	197
18143027	20910	1613
18143026	20910	309
18143012	20907	1282
18143011	20907	209
18143010	20907	1159
18143009	20907	1154
18143008	20907	1826
18143007	20907	1967
18143006	20907	2308
18143005	20907	2077
18143003	20907	117
18143002	20907	700
18143001	20907	470
18142083	20907	1813
18142082	20907	1780
18142081	20907	24
18142080	20907	30
18142079	20907	36
18142078	20907	27
18142069	20907	1140
18142068	20907	1862
18142067	20907	1831
18142066	20907	1800
18142065	20907	1872
18142064	20907	227
18142063	20907	255
18142062	20907	73
18142061	20907	254
18142060	20907	1271
18142059	20907	1879
18142057	20907	2000
18142056	20907	1468
18142055	20907	206
18142041	20906	1064
18142040	20906	1818
18142039	20906	1788
18142038	20906	1379
18142037	20906	1285
18142036	20906	1749
18142034	20906	1740
18142033	20906	1760
18142032	20906	939
18142031	20906	939
18142030	20906	1433
18142029	20906	1573
18142028	20906	215
18142027	20906	746
18142026	20906	1505
18142025	20906	1778
18142024	20906	1344
18142023	20906	2004
18142022	20906	1883
18142021	20906	876
18142020	20906	910
18142019	20906	1000
18142018	20906	1826
18142017	20906	885
18142005	20904	699
18142002	20904	841
18142001	20904	2423
18141067	20904	1785
18141066	20904	348
18141065	20904	1289
18141062	20904	1689
18141057	20904	2133
18141056	20904	173
18141055	20904	1858
18141054	20904	1824
18141053	20904	1671
18141052	20904	56
18141046	20903	1745
18141045	20903	1817
18141044	20903	1779
18141043	20903	1861
18141042	20903	1507
18141041	20903	1209
18141040	20903	1846
18141039	20903	911
18141038	20903	1799
18141037	20903	1162
18141036	20903	1750
18141035	20903	1689
18141034	20903	1771
18141033	20903	1109
18141032	20903	1122
18141031	20903	1788
18141030	20903	1790
18141029	20903	30
18141027	20903	1904
18141026	20903	959
18141025	20903	1792
18141019	20902	1150
18141017	20902	2215
18141016	20902	2008
18141015	20902	2259
18141013	20902	180
18141012	20902	2271
18141011	20902	2025
18141010	20902	1849
18141009	20902	41
18141008	20902	1855
18141007	20902	140
18141004	20902	1822
18141003	20902	1149
18141002	20902	478
18141001	20902	1960
18140060	20902	1831
18140059	20902	1837
18140058	20902	1741
18140057	20902	1260
18140056	20902	1786
18140055	20902	1793
18140054	20902	1218
18140049	20902	2066
18140048	20902	2136
18140041	20901	1056
18140040	20901	1810
18140039	20901	1803
18140038	20901	21
18140037	20901	2037
18140036	20901	1771
18140035	20901	163
18140034	20901	1758
18140030	20901	1821
18140029	20901	373
18140028	20901	1836
18140027	20901	1843
18140026	20901	1824
18140025	20901	1835
18140024	20901	1759
18140023	20901	915
18140022	20901	1758
18140021	20901	1769
18140020	20901	903
18140019	20901	1448
18140018	20901	1759
18140017	20901	53
18140016	20901	1733
18140013	20900	584
18140012	20900	2122
18140011	20900	2161
18140010	20900	1944
18140009	20900	2030
18140008	20900	952
18140007	20900	1889
18140006	20900	33
18140005	20900	25
18140004	20900	187
18140003	20900	2011
18140002	20900	2279
18140001	20900	1944
18139067	20900	1765
18139066	20900	597
18139064	20900	940
18139063	20900	1785
18139062	20900	176
18139061	20900	1242
18139060	20900	1849
18139059	20900	1808
18139044	20898	319
18139043	20898	1096
18139042	20898	1828
18139041	20898	1250
18139040	20898	34
18139039	20898	1091
18139038	20898	1721
18139037	20898	1780
18139036	20898	909
18139035	20898	1766
18139034	20898	1761
18139033	20898	1795
18139030	20898	1864
18139029	20898	1773
18139022	20897	1189
18139021	20897	1216
18139020	20897	2040
18139019	20897	2156
18139018	20897	22
18139017	20897	585
18139016	20897	32
18139015	20897	10
18139014	20897	2324
18139013	20897	1953
18139012	20897	439
18139011	20897	2196
18139010	20897	1138
18139006	20897	113
18139005	20897	1680
18139004	20897	466
18139003	20897	887
18139002	20897	2206
18139001	20897	2470
18138037	20897	1835
18138036	20897	1807
18138035	20897	1933
18138034	20897	1804
18138031	20896	1802
18138030	20896	1830
18138029	20896	1880
18138028	20896	1811
18138027	20896	1506
18138026	20896	1764
18138025	20896	1791
18138013	20894	1484
18138012	20894	973
18138011	20894	1778
18138010	20894	1831
18138009	20894	820
18138008	20894	398
18138007	20894	1679
18138006	20894	2086
18138005	20894	2009
18138004	20894	2358
18138003	20894	2646
18137047	20891	57
18137029	20890	899
18137028	20890	66
18137027	20890	2100
18137026	20890	52
18137025	20890	692
18137024	20890	14
18137023	20890	25
18137022	20890	65
18137020	20890	1966
18137019	20890	207
18137018	20890	675
18137017	20890	584
18137016	20890	2410
18137015	20890	700
18137014	20890	2442
18137013	20890	2430
18137012	20890	681
18137011	20890	990
18137010	20890	676
18137009	20890	376
18137008	20890	197
18137007	20890	272
18137006	20890	1714
18137005	20890	195
18137004	20890	643
18137003	20890	158
18137002	20890	89
18137001	20890	173
18136055	20890	1402
18136052	20889	1392
18136051	20889	577
18136050	20889	1908
18136049	20889	1828
18136048	20889	1916
18136047	20889	762
18136046	20889	828
18136045	20889	451
18136044	20889	329
18136042	20889	1768
18136041	20889	1766
18136040	20889	1749
18136039	20889	71
18136038	20889	10
18136037	20889	1763
18136036	20889	1784
18136035	20889	21
18136034	20889	1696
18136033	20889	1754
18136032	20889	1770
18136026	20888	798
18136024	20888	1262
18136023	20888	1781
18136022	20888	1777
18136021	20888	1708
18136020	20888	1548
18136019	20888	1837
18136018	20888	1275
18136017	20888	174
18136016	20888	2201
18136015	20888	415
18136014	20888	1678
18136013	20888	10
18136012	20888	22
18136011	20888	256
18136010	20888	2455
18136009	20888	2532
18136008	20888	1209
18136007	20888	872
18136006	20888	488
18136002	20887	3096
18136001	20887	2547
18135065	20887	1089
18135064	20887	267
18135063	20887	924
18135062	20887	2669
18135061	20887	2359
18135060	20887	568
18135059	20887	1486
18135057	20887	1293
18135056	20887	376
18135055	20887	9
18135054	20887	2673
18135053	20887	73
18135052	20887	640
18135050	20887	2034
18135049	20887	3
18135048	20887	2403
18135039	20886	1553
18135038	20886	2124
18135037	20886	1909
18135036	20886	1891
18135035	20886	1812
18135034	20886	1771
18135033	20886	1856
18135032	20886	729
18135031	20886	1880
18135030	20886	11
18135029	20886	25
18135028	20886	1828
18135027	20886	1887
18135026	20886	1490
18135025	20886	32
18135024	20886	1785
18135023	20886	17
18135022	20886	25
18135021	20886	834
18135020	20886	64
18135019	20886	107
18135018	20886	592
18135014	20885	520
18135013	20885	2172
18135012	20885	823
18135011	20885	1895
18135010	20885	490
18135009	20885	1985
18135008	20885	1836
18135007	20885	1630
18135006	20885	28
18135005	20885	1177
18135004	20885	1831
18135003	20885	1847
18135002	20885	1819
18135001	20885	39
18134054	20885	1854
18134053	20885	136
18134051	20884	1815
18134050	20884	1944
18134049	20884	1915
18134048	20884	1637
18134047	20884	478
18134046	20884	31
18134045	20884	58
18134044	20884	90
18134043	20884	35
18134042	20884	2889
18134041	20884	16
18134040	20884	1923
18134038	20884	2738
18134037	20884	926
18134036	20884	18
18134035	20884	2438
18134034	20884	1841
18134033	20884	16
18134032	20884	33
18134031	20884	48
18134030	20884	1792
18134029	20884	1811
18134019	20880	1283
18134018	20880	988
18134017	20880	414
18134015	20880	1611
18134014	20880	487
18134013	20880	1218
18134012	20880	1838
18134011	20880	1392
18134010	20880	64
18134009	20880	594
18134008	20880	62
18134007	20880	61
18134006	20880	8
18134005	20880	1378
18134004	20880	1834
18134003	20880	1031
18134002	20880	423
18134001	20880	7
18133054	20880	1984
18133053	20880	94
18133051	20879	1150
18133050	20879	1404
18133049	20879	790
18133048	20879	2804
18133047	20879	1294
18133046	20879	2591
18133045	20879	1846
18133044	20879	3038
18133043	20879	3882
18133042	20879	1784
18133041	20879	1451
18133040	20879	1815
18133038	20879	106
18133037	20879	100
18133036	20879	406
18133032	20877	21
18133017	20876	252
18133012	20876	848
18133011	20876	12
18133010	20876	297
18133009	20876	1990
18133008	20876	1258
18133007	20876	689
18133006	20876	1380
18133005	20876	1946
18133004	20876	2328
18133003	20876	227
18133002	20876	2098
18133001	20876	170
18132065	20876	2709
18132064	20876	2544
18132063	20876	61
18132062	20876	86
18132061	20876	2562
18132059	20876	2226
18132058	20876	83
18132057	20876	525
18132056	20876	71
18132054	20876	940
18132053	20876	32
18132051	20875	875
18132042	20874	582
18132041	20874	607
18132040	20874	123
18132039	20874	101
18132038	20874	63
18132037	20874	99
18132032	20874	1174
18132031	20874	388
18132030	20874	95
18132027	20874	7
18132026	20874	1627
18132025	20874	1767
18132024	20874	2118
18132022	20874	1863
18132021	20874	1841
18132020	20874	1582
18132016	20873	310
18132015	20873	169
18132014	20873	55
18132013	20873	1727
18132012	20873	1824
18132011	20873	1910
18132009	20873	1794
18132008	20873	1710
18131098	20870	459
18131097	20870	2519
18131096	20870	2450
18131095	20870	1959
18131094	20870	48
18131093	20870	1940
18131022	20868	1030
18131021	20868	1525
18131020	20868	1838
18131019	20868	1834
18131018	20868	1973
18131017	20868	1911
18131016	20868	400
18131015	20868	1837
18131014	20868	1811
18131013	20868	790
18131012	20868	1834
18131011	20868	599
18131010	20868	2155
18131009	20868	2251
18131004	20867	836
18131003	20867	1716
18131002	20867	1858
18131001	20867	1871
18130098	20867	1727
18130097	20867	2555
18130096	20867	2503
18130095	20867	2502
18130094	20867	2031
18130093	20867	2781
18130092	20867	2470
18130091	20867	2823
18130036	20866	1798
18130035	20866	1943
18130034	20866	111
18130033	20866	25
18130032	20866	2021
18130031	20866	1443
18130030	20866	270
18130028	20866	1940
18130027	20866	102
18130026	20866	799
18130025	20866	1026
18130024	20866	1811
18130023	20866	2010
18130022	20866	1574
18130021	20866	1818
18130020	20866	1864
18130019	20866	1820
18130018	20866	1850
18130012	20865	961
18130011	20865	1787
18130010	20865	805
18130009	20865	2007
18130008	20865	1222
18130007	20865	769
18130006	20865	2185
18130005	20865	1951
18130004	20865	46
18130003	20865	1143
18130002	20865	1250
18130001	20865	1916
18129114	20865	2405
18129113	20865	2400
18129112	20865	2412
18129111	20865	313
18129110	20865	987
18129109	20865	639
18129108	20865	2132
18129107	20865	2448
18129106	20865	29
18129105	20865	378
18129104	20865	1017
18129103	20865	1290
18129102	20865	185
18129055	20864	2034
18129054	20864	913
18129053	20864	2070
18129052	20864	905
18129051	20864	1293
18129050	20864	529
18129049	20864	936
18129048	20864	81
18129045	20864	1872
18129044	20864	1939
18129042	20864	75
18129041	20864	63
18129040	20864	85
18129039	20864	424
18129038	20864	1665
18129037	20864	486
18129036	20864	2066
18129033	20864	1844
18129032	20864	30
18129031	20864	16
18129029	20864	82
18129028	20864	16
18129027	20864	57
18129025	20864	15
18129024	20864	359
18129023	20864	1942
18129019	20863	1435
18129018	20863	1825
18129017	20863	338
18129016	20863	1952
18129015	20863	1820
18129014	20863	907
18129013	20863	1821
18129012	20863	9
18129011	20863	15
18129010	20863	7
18129009	20863	671
18129008	20863	1827
18129007	20863	1670
18129006	20863	2066
18129005	20863	1990
18129004	20863	394
18129003	20863	2105
18129001	20862	35
18128059	20862	1258
18128058	20862	2407
18128057	20862	2220
18128056	20862	1993
18128055	20862	42
18128054	20862	1769
18128053	20862	2462
18128052	20862	2403
18128051	20862	743
18128050	20862	2431
18128035	20861	108
18128034	20861	1868
18128033	20861	1745
18128032	20861	1918
18128031	20861	796
18128030	20861	1649
18128029	20861	1753
18128028	20861	1773
18128027	20861	1774
18128026	20861	96
18128025	20861	878
18128024	20861	1763
18128023	20861	1830
18128022	20861	1788
18128021	20861	1806
18128020	20861	564
18128018	20861	1806
18128017	20861	1822
18128016	20861	1610
18128012	20860	2793
18128011	20860	668
18128010	20860	952
18128009	20860	1829
18128008	20860	1766
18128007	20860	1969
18128006	20860	2068
18128005	20860	1832
18128004	20860	118
18128003	20860	122
18128002	20860	1591
18128001	20860	1816
18127091	20860	2406
18127090	20860	157
18127089	20860	392
18127088	20860	909
18127087	20860	2406
18127086	20860	2441
18127085	20860	24
18127084	20860	550
18127083	20860	619
18127082	20860	24
18127081	20860	103
18127080	20860	873
18127079	20860	83
18127078	20860	723
18127077	20860	534
18127076	20860	29
18127075	20860	140
18127074	20860	20
18127073	20860	72
18127071	20860	232
18127066	20859	1456
18127065	20859	1647
18127064	20859	63
18127063	20859	29
18127062	20859	27
18127061	20859	81
18127060	20859	186
18127059	20859	35
18127058	20859	35
18127057	20859	46
18127056	20859	27
18127055	20859	41
18127054	20859	26
18127053	20859	27
18127048	20857	931
18127047	20857	23
18127046	20857	1060
18127045	20857	59
18127043	20857	97
18127042	20857	1806
18127041	20857	1802
18127040	20857	48
18127039	20857	644
18127038	20857	1585
18127037	20857	38
18127036	20857	64
18127035	20857	1838
18127033	20857	1799
18127030	20857	1195
18127029	20857	181
18127027	20857	15
18127026	20857	21
18127025	20857	518
18127023	20857	22
18127022	20857	26
18127021	20857	43
18127019	20857	1485
18127013	20856	1727
18127012	20856	1743
18127011	20856	20
18127008	20856	32
18127004	20856	20
18127003	20856	22
18127002	20856	759
18126007	20855	226
18126003	20854	774
18126002	20854	1391
18126001	20854	830
18125058	20854	2403
18125057	20854	439
18125056	20854	1574
18125055	20854	24
18125054	20854	33
18125053	20854	2424
18125052	20854	2917
18125051	20854	1471
18125050	20854	2968
18125049	20854	2708
18125048	20854	2596
18125047	20854	1934
18125046	20854	342
18125045	20854	40
18125043	20854	82
18125042	20854	24
18125041	20854	34
18125031	20852	976
18125030	20852	1530
18125029	20852	1819
18125028	20852	1826
18125027	20852	1784
18125025	20852	1781
18125024	20852	840
18125023	20852	41
18125022	20852	1005
18125021	20852	1871
18125020	20852	1794
18125019	20852	50
18125018	20852	107
18125017	20852	1811
18125016	20852	1810
18125015	20852	44
18125014	20852	168
18125013	20852	63
18125012	20852	59
18125011	20852	36
18125010	20852	1819
18125009	20852	69
18125008	20852	29
18125007	20852	135
18125006	20852	1027
18125005	20852	1451
18125004	20852	52
18125003	20852	1481
18124028	20845	628
18124027	20845	1825
18124026	20845	1792
18124025	20845	1456
18124024	20845	166
18124023	20845	512
18124022	20845	1804
18124021	20845	1803
18124020	20845	41
18124019	20845	29
18124016	20845	1792
18124015	20845	1772
18124014	20845	590
18124012	20844	943
18124011	20844	21
18124010	20844	64
18124007	20844	6
18124006	20844	42
18124005	20844	25
18124004	20844	51
18124003	20844	75
18124002	20844	907
18123026	20841	416
18123025	20841	54
18123024	20841	46
18123022	20841	36
18123020	20841	61
18123018	20841	72
18123017	20841	1756
18123016	20841	1427
18123014	20841	2329
18123013	20841	1821
18123012	20841	1917
18123011	20841	1806
18123010	20841	1764
18123007	20841	575
18123006	20841	1995
18123005	20841	1011
18123004	20841	1798
18123003	20841	1819
18123002	20841	1938
18122041	20840	1635
18122040	20840	16
18122039	20840	13
18122038	20840	341
18122030	20835	2532
18122029	20835	1925
18122028	20835	1785
18122027	20835	1128
18122026	20835	1135
18122025	20835	354
18122023	20835	1810
18122022	20835	828
18122021	20835	431
18122020	20835	1029
18122019	20835	89
18122018	20835	1817
18122017	20835	1460
18122016	20835	1958
18122014	20835	519
18122013	20835	71
18122011	20835	837
18122010	20835	1664
18122008	20835	1982
18122007	20835	71
18121033	20828	2496
18121032	20828	1328
18121031	20828	1804
18121030	20828	1806
18121029	20828	1801
18121028	20828	739
18121025	20828	421
18121024	20828	209
18121023	20828	77
18121022	20828	165
18121020	20828	1826
18121018	20828	188
18121017	20828	102
18121016	20828	1276
18121015	20828	1809
18121014	20828	133
18121013	20828	1800
18121012	20828	1806
18121011	20828	899
18121010	20828	2101
18121009	20828	93
18121008	20828	93
18121004	20828	1805
18121003	20828	25
18121002	20828	74
18121001	20828	99
18120068	20828	1405
18120066	20828	1129
18120065	20828	14
18120064	20828	1641
18120063	20828	12
18120062	20828	110
18120060	20828	1710
18120054	20827	62
18120053	20827	231
18120052	20827	1799
18120051	20827	1800
18120049	20827	2
18120048	20827	1701
18120047	20827	1803
18120046	20827	1198
18120044	20827	901
18120043	20827	1793
18120042	20827	8
18120041	20827	32
18120040	20827	251
18120039	20827	531
18120038	20827	1447
18120037	20827	226
18120036	20827	3850
18120035	20827	3700
18120034	20827	2865
18120033	20827	2840
18120032	20827	2833
18120031	20827	45
18120030	20827	2768
18120029	20827	1928
18120028	20827	25
18120027	20827	270
18120025	20827	66
18120020	20825	1462
18120018	20825	1802
18120017	20825	562
18120015	20825	920
18120014	20825	1801
18120013	20825	1200
18120010	20825	1734
18120009	20825	1110
18120008	20825	2260
18120007	20825	1781
18120006	20825	407
18120005	20825	1798
18120004	20825	1835
18120003	20825	1133
18120001	20825	1804
18119055	20825	839
18119054	20825	1697
18119053	20825	1709
18119052	20825	23
18119047	20823	557
18119046	20823	659
18119045	20823	1812
18119044	20823	1821
18119042	20823	1947
18119041	20823	47
18119032	20821	667
18119031	20821	71
18119030	20821	493
18119029	20821	3079
18119028	20821	379
18119027	20821	31
18119026	20821	3385
18119025	20821	29
18119024	20821	1799
18119023	20821	33
18119022	20821	1978
18119021	20821	180
18119020	20821	1217
18119019	20821	159
18119018	20821	82
18119017	20821	1474
18119016	20821	321
18119007	20818	776
18119006	20818	1802
18119005	20818	85
18118051	20817	322
18118049	20817	1769
18118048	20817	57
18118045	20816	142
18118044	20816	960
18118043	20816	57
18118040	20816	62
18118039	20816	242
18118038	20816	54
18118036	20816	947
18118035	20816	114
18118027	20815	402
18118026	20815	2537
18118025	20815	2778
18118024	20815	558
18118022	20815	126
18118021	20815	1961
18118020	20815	636
18118019	20815	1656
18118018	20815	37
18118017	20815	2032
18118016	20815	2040
18118015	20815	822
18118014	20815	1427
18118013	20815	647
18118011	20814	1075
18118010	20814	1844
18118009	20814	1808
18118008	20814	904
18118007	20814	1397
18118004	20814	929
18118003	20814	1606
18118002	20814	1838
18118001	20814	1804
18117079	20814	1194
18117078	20814	1800
18117077	20814	1795
18117076	20814	1425
18117075	20814	1811
18117074	20814	1830
18117073	20814	182
18117030	20811	58
18117029	20811	82
18117028	20811	1793
18117027	20811	310
18117026	20811	995
18117025	20811	1793
18117024	20811	2396
18117023	20811	282
18117022	20811	1811
18117021	20811	47
18117012	20810	901
18117010	20810	1519
18117009	20810	1802
18117008	20810	2000
18117003	20810	255
18117002	20810	1807
18117001	20810	1115
18116048	20810	1165
18116047	20810	1797
18116046	20810	1157
18116045	20810	1201
18116044	20810	1776
18116043	20810	15
18116042	20810	956
18116041	20810	88
18116040	20810	170
18116039	20810	350
18116036	20809	444
18116035	20809	2011
18116034	20809	1818
18116006	20807	1847
18116005	20807	1804
18116004	20807	1789
18116003	20807	1830
18116002	20807	1811
18115057	20806	64
18115054	20805	1308
18115053	20805	1214
18115052	20805	41
18115048	20804	337
18115045	20803	688
18115044	20803	1871
18115039	20802	678
18115038	20802	99
18115029	20800	1637
18115028	20800	2535
18115027	20800	1379
18115026	20800	1676
18115025	20800	189
18115023	20800	1772
18115022	20800	305
18115020	20800	574
18115019	20800	1845
18115018	20800	1829
18115017	20800	34
18115016	20800	1882
18115015	20800	1583
18115014	20800	1895
18115013	20800	1799
18115012	20800	663
18115011	20800	1769
18115010	20800	130
18115007	20799	300
18115006	20799	1777
18115005	20799	1646
18115004	20799	1811
18115003	20799	458
18115002	20799	612
18115001	20799	1537
18114061	20799	1127
18114060	20799	2023
18114059	20799	2446
18114057	20799	553
18114056	20799	2550
18114055	20799	2580
18114054	20799	2093
18114053	20799	1964
18114052	20799	467
18114051	20799	1714
18114050	20799	87
18114012	20791	1706
18114011	20791	991
18114010	20791	1752
18114009	20791	1211
18114008	20791	1735
18114007	20791	1805
18114006	20791	1664
18114005	20791	1696
18114002	20790	1267
18114001	20790	1002
18113061	20790	1852
18113060	20790	2005
18113059	20790	41
18113058	20790	2317
18113057	20790	2900
18113055	20790	1689
18113054	20790	2570
18113053	20790	1946
18113052	20790	386
18113051	20790	2114
18113049	20790	2253
18113048	20790	1764
18113043	20789	112
18113042	20789	538
18113041	20789	1783
18113040	20789	1857
18113039	20789	25
18113038	20789	1077
18113037	20789	1801
18113036	20789	132
18113035	20789	1796
18113034	20789	1333
18113033	20789	1229
18113032	20789	1670
18113031	20789	1349
18113030	20789	1805
18113029	20789	1809
18113028	20789	1781
18113027	20789	1971
18113026	20789	1217
18113025	20789	1982
18113024	20789	53
18113019	20788	933
18113018	20788	31
18113017	20788	1536
18113016	20788	1542
18113015	20788	1749
18113014	20788	1220
18113013	20788	1746
18113012	20788	1679
18113011	20788	367
18113010	20788	37
18113009	20788	32
18113008	20788	73
18113007	20788	34
18113006	20788	73
18113005	20788	379
18113004	20788	1749
18113003	20788	1241
18113002	20788	1748
18113001	20788	1256
18112049	20788	2456
18112048	20788	1484
18112047	20788	1860
18112043	20787	2292
18112042	20787	2440
18112041	20787	1716
18112040	20787	2470
18112039	20787	2295
18112038	20787	1289
18112037	20787	137
18112036	20787	19
18112035	20787	203
18112034	20787	2524
18112033	20787	1801
18112032	20787	1788
18112031	20787	1782
18112030	20787	783
18112029	20787	1849
18112028	20787	1089
18112027	20787	1810
18112026	20787	53
18112019	20785	1305
18112012	20783	1100
18112011	20783	92
18112010	20783	1711
18112009	20783	1748
18112008	20783	1764
18112007	20783	1771
18112006	20783	1759
18112005	20783	1787
18112004	20783	40
18112003	20783	1794
18112002	20783	1742
18112001	20783	1755
18111055	20783	1767
18111054	20783	1904
18111053	20783	1635
18111051	20782	874
18111050	20782	2380
18111049	20782	1903
18111047	20781	477
18111045	20781	1997
18111044	20781	1422
18111042	20781	2057
18111041	20781	1382
18111040	20781	1426
18111039	20781	1144
18111038	20781	1811
18111037	20781	851
18111036	20781	672
18111035	20781	1922
18111034	20781	1903
18111033	20781	1812
18111032	20781	1822
18111031	20781	936
18111030	20781	1801
18111023	20780	222
18111022	20780	1198
18111021	20780	1812
18111020	20780	1813
18111019	20780	1201
18111016	20780	970
18111015	20780	1788
18111014	20780	1766
18111013	20780	1725
18111012	20780	1662
18111011	20780	1751
18111010	20780	1771
18111009	20780	1072
18111008	20780	1586
18111007	20780	890
18111006	20780	210
18111005	20780	673
18111004	20780	1757
18110021	20778	1827
18110020	20778	385
18110019	20778	1696
18110018	20778	1745
18110017	20778	809
18110016	20778	1785
18110015	20778	1766
18110014	20778	1728
18110005	20777	791
18110004	20777	390
18110002	20777	672
18110001	20777	872
18109058	20777	1878
18109057	20777	1370
18109056	20777	1865
18109054	20777	1713
18109053	20777	153
18109052	20777	1378
18109037	20773	1574
18109036	20773	53
18109035	20773	327
18109033	20773	19
18109032	20773	1724
18109031	20773	565
18109029	20773	58
18109028	20773	74
18109027	20773	1003
18109026	20773	1114
18109025	20773	1496
18109024	20773	1405
18109023	20773	392
18109022	20773	13
18109021	20773	19
18109020	20773	13
18109019	20773	63
18109018	20773	1641
18109017	20773	49
18109016	20773	215
18109015	20773	29
18109014	20773	22
18109013	20773	714
18109012	20773	47
18109011	20773	960
18109009	20773	1158
18109008	20773	1759
18109007	20773	44
18109006	20773	1006
18109005	20773	25
18109004	20773	763
18109002	20773	99
18109001	20773	384
18108102	20773	1789
18108101	20773	2189
18108093	20772	361
18108092	20772	1062
18108091	20772	2392
18108090	20772	1659
18108089	20772	2324
18108088	20772	1739
18108087	20772	982
18108086	20772	19
18108085	20772	432
18108084	20772	1059
18108083	20772	888
18108082	20772	461
18108081	20772	979
18108080	20772	1085
18108077	20772	47
18108076	20772	52
18108075	20772	142
18108074	20772	55
18108073	20772	25
18108070	20772	93
18108058	20771	1376
18108057	20771	18
18108056	20771	819
18108055	20771	1629
18108054	20771	70
18108053	20771	1813
18108051	20771	1304
18108050	20771	26
18108048	20771	248
18108047	20771	609
18108046	20771	1820
18108045	20771	189
18108039	20770	519
18108038	20770	104
18108037	20770	1849
18108036	20770	84
18108035	20770	58
18108034	20770	37
18108033	20770	66
18108032	20770	38
18108031	20770	1714
18108030	20770	236
18108029	20770	1747
18108028	20770	1187
18108027	20770	44
18108026	20770	1736
18108025	20770	212
18108024	20770	359
18108023	20770	19
18108022	20770	1760
18108021	20770	98
18108020	20770	1751
18108019	20770	98
18108018	20770	31
18108017	20770	88
18108016	20770	25
18108015	20770	38
18108014	20770	29
18108012	20770	10
18108011	20770	114
18108010	20770	1777
18108009	20770	29
18108007	20770	736
18108006	20770	1772
18108005	20770	1783
18108004	20770	10
18108003	20770	547
18108001	20770	152
18107102	20770	642
18107044	20768	1265
18107043	20768	1830
18107042	20768	105
18107041	20768	29
18107040	20768	1817
18107037	20768	16
18107036	20768	51
18107035	20768	25
18107034	20768	29
18107033	20768	49
18107032	20768	49
18107031	20768	1841
18107030	20768	1939
18107029	20768	151
18107028	20768	1003
18107027	20768	1934
18107026	20768	1788
18107025	20768	50
18107024	20768	919
18107023	20768	247
18107022	20768	13
18107021	20768	23
18107020	20768	47
18107018	20767	1207
18107014	20767	75
18107013	20767	16
18107012	20767	1818
18107011	20767	39
18107010	20767	34
18107009	20767	25
18107008	20767	30
18107005	20767	1947
18107004	20767	1807
18107003	20767	231
18107002	20767	231
18106069	20766	1836
18106068	20766	1816
18106067	20766	165
18106066	20766	1805
18106065	20766	1127
18106064	20766	30
18106063	20766	1777
18106062	20766	1806
18106059	20765	906
18106058	20765	1929
18106057	20765	1307
18106056	20765	924
18106055	20765	808
18106054	20765	1790
18106053	20765	38
18106052	20765	20
18106051	20765	14
18106050	20765	59
18106049	20765	76
18106048	20765	666
18106046	20765	1339
18106045	20765	1796
18106044	20765	1768
18106043	20765	87
18106042	20765	58
18106041	20765	180
18106040	20765	17
18106039	20765	31
18106038	20765	1375
18106036	20765	137
18106035	20765	1803
18106034	20765	1854
18106033	20765	1834
18106032	20765	1808
18106031	20765	2115
18106030	20765	1821
18106029	20765	1811
18106024	20764	1791
18106023	20764	1798
18106022	20764	56
18106021	20764	935
18106020	20764	1515
18106019	20764	585
18106013	20762	373
18106012	20762	14
18106011	20762	901
18106010	20762	319
18106009	20762	1859
18106008	20762	1637
18106007	20762	23
18106006	20762	1758
18106005	20762	24
18106004	20762	1251
18106003	20762	117
18106002	20762	1641
18105056	20760	2418
18105055	20760	1798
18105054	20760	1883
18105053	20760	1714
18105051	20760	1073
18105050	20760	34
18105049	20760	1795
18105048	20760	600
18105047	20760	1839
18105046	20760	1281
18105045	20760	834
18105044	20760	1625
18105043	20760	67
18105042	20760	205
18105041	20760	1989
18105040	20760	2086
18105039	20760	10
18105038	20760	1823
18105037	20760	1794
18105031	20759	947
18105030	20759	1380
18105029	20759	1831
18105028	20759	1916
18105027	20759	22
18105026	20759	38
18105025	20759	39
18105024	20759	657
18105023	20759	1906
18105022	20759	1965
18105021	20759	583
18105020	20759	1608
18105019	20759	1936
18105018	20759	1770
18105017	20759	1738
18105015	20759	247
18105014	20759	1792
18105013	20759	1822
18105012	20759	1168
18105011	20759	24
18105010	20759	705
18105009	20759	1585
18105002	20758	1293
18105001	20758	967
18104048	20758	1792
18104047	20758	1505
18104046	20758	2122
18104045	20758	1900
18104044	20758	1806
18104043	20758	1802
18104042	20758	97
18104041	20758	1819
18104040	20758	1807
18104039	20758	1812
18104038	20758	1727
18104037	20758	1813
18104036	20758	1771
18104034	20758	261
18104033	20758	1815
18104032	20758	1808
18104027	20757	1832
18104026	20757	1873
18104025	20757	1868
18104023	20757	1797
18104022	20757	1907
18104021	20757	51
18104020	20757	1845
18104019	20757	1847
18104018	20757	259
18104017	20757	1844
18104016	20757	1985
18104015	20757	740
18104014	20757	1777
18104013	20757	1810
18104012	20757	1829
18104011	20757	1497
18104010	20757	371
18104009	20757	1601
18104008	20757	1741
18104005	20756	577
18104004	20756	1603
18104003	20756	787
18104002	20756	1416
18104001	20756	1902
18103060	20756	774
18103059	20756	38
18103058	20756	1819
18103057	20756	1797
18103056	20756	1942
18103055	20756	1807
18103054	20756	1818
18103050	20754	433
18103023	20752	504
18103021	20752	1056
18103020	20752	1646
18103019	20752	363
18103018	20752	1758
18103017	20752	1831
18103016	20752	1804
18103015	20752	1837
18103014	20752	37
18103013	20752	1645
18103012	20752	1483
18103009	20751	1835
18103003	20751	1624
18103001	20751	1206
18102068	20751	1823
18102067	20751	1517
18102024	20748	129
18102023	20748	1760
18102021	20748	1896
18102018	20748	1828
18102017	20748	1816
18102016	20748	1795
18102015	20748	1588
18102014	20748	1339
18102013	20748	1162
18102012	20748	1447
18102011	20748	718
18102010	20748	1818
18102009	20748	1177
18102008	20748	1270
18102007	20748	1792
18102005	20748	501
18102004	20748	1263
18102003	20748	1002
18102002	20748	1163
18102001	20748	1987
18101057	20748	1667
18101056	20748	1715
18101055	20748	84
18101054	20748	37
18101047	20747	1137
18101046	20747	272
18101045	20747	1715
18101044	20747	1626
18101043	20747	1870
18101042	20747	982
18101041	20747	1773
18101040	20747	1203
18101039	20747	431
18101038	20747	1797
18101037	20747	1045
18101036	20747	1908
18101035	20747	52
18101034	20747	134
18101033	20747	131
18101032	20747	240
18101031	20747	1031
18101030	20747	1795
18101029	20747	86
18101028	20747	1807
18101027	20747	1124
18101026	20747	2020
18101022	20746	164
18101021	20746	1237
18101020	20746	1858
18101019	20746	1826
18101018	20746	2054
18101017	20746	1356
18101016	20746	1847
18101015	20746	1853
18101012	20745	1613
18101011	20745	426
18101010	20745	1693
18101009	20745	2149
18101008	20745	1436
18101007	20745	1896
18101006	20745	1989
18101005	20745	288
18101004	20745	868
18101003	20745	1808
18101002	20745	1816
18100061	20743	1028
18100060	20743	1485
18100059	20743	1150
18100058	20743	377
18100057	20743	1441
18100056	20743	1793
18100055	20743	1792
18100054	20743	1342
18100053	20743	1780
18100052	20743	1387
18100051	20743	1818
18100050	20743	183
18100049	20743	1484
18100048	20743	1808
18100046	20743	2593
18100045	20743	489
18100044	20743	2155
18100043	20743	1631
18100034	20741	1503
18100033	20741	1894
18100032	20741	21
18100031	20741	20
18100029	20741	1163
18100027	20741	1943
18100025	20741	928
18100023	20741	1487
18100022	20741	2177
18100019	20740	143
18100018	20740	451
18100017	20740	365
18100016	20740	1817
18100015	20740	1800
18100014	20740	1792
18100013	20740	1534
18100011	20740	1749
18100010	20740	1792
18100009	20740	635
18100008	20740	1806
18100007	20740	1801
18100004	20740	1814
18100003	20740	492
18100002	20740	1449
18100001	20740	1804
18099047	20740	1800
18099046	20740	1801
18099045	20740	575
18099042	20739	103
18099041	20739	1784
18099040	20739	1761
18099038	20738	1557
18099037	20738	1807
18099036	20738	1779
18099035	20738	1200
18099034	20738	972
18099033	20738	1005
18099032	20738	1797
18099031	20738	2377
18099030	20738	1677
18099029	20738	24
18099028	20738	3151
18099027	20738	2076
18099026	20738	1943
18099025	20738	2107
18099024	20738	2167
18099019	20737	1306
18099018	20737	1362
18099017	20737	1965
18099016	20737	1788
18099015	20737	1796
18099014	20737	1788
18099013	20737	1817
18099012	20737	1796
18099011	20737	1790
18099010	20737	433
18099009	20737	1049
18099008	20737	11
18099007	20737	1811
18099006	20737	1806
18099005	20737	177
18099004	20737	1808
18099003	20737	1393
18099002	20737	1820
18098055	20736	982
18098054	20736	1525
18098053	20736	1817
18098052	20736	968
18098049	20736	1394
18098048	20736	1719
18098047	20736	1401
18098046	20736	51
18098044	20735	1144
18098043	20735	1537
18098042	20735	1817
18098041	20735	1545
18098040	20735	415
18098039	20735	497
18098038	20735	1335
18098037	20735	1751
18098036	20735	1780
18098035	20735	1981
18098034	20735	106
18098033	20735	2160
18098032	20735	1129
18098031	20735	1863
18098030	20735	2110
18098029	20735	1827
18098028	20735	1795
18098027	20735	1693
18098023	20734	764
18098022	20734	2219
18098020	20734	2058
18098019	20734	259
18098018	20734	1890
18098017	20734	234
18098016	20734	1790
18098015	20734	1780
18098014	20734	1253
18098013	20734	44
18098012	20734	1796
18098011	20734	1227
18098010	20734	1788
18098009	20734	1793
18098008	20734	1352
18098007	20734	705
18098006	20734	1750
18098005	20734	2020
18098002	20733	1365
18098001	20733	358
18097065	20733	1427
18097064	20733	1568
18097063	20733	33
18097060	20733	195
18097059	20733	80
18097058	20733	487
18097057	20733	74
18097056	20733	39
18097055	20733	75
18097054	20733	1781
18097052	20733	1020
18097051	20733	898
18097049	20733	1009
18097047	20733	28
18097046	20733	32
18097044	20733	1763
18097042	20733	199
18097041	20733	716
18097040	20733	1795
18097039	20733	762
18097038	20733	1813
18097037	20733	1704
18097035	20733	1446
18097033	20733	422
18097031	20733	268
18097028	20732	542
18097012	20728	318
18097011	20728	22
18097010	20728	1549
18097009	20728	1794
18097008	20728	463
18097007	20728	963
18097006	20728	157
18097005	20728	842
18097004	20728	52
18097003	20728	961
18097002	20728	94
18096015	20720	1793
18096014	20720	1746
18096013	20720	1796
18096012	20720	1168
18096011	20720	1787
18096010	20720	1789
18096009	20720	1795
18096008	20720	1786
18096007	20720	293
18096006	20720	1314
18096005	20720	2024
18096003	20719	1611
18096002	20719	1614
18096001	20719	270
18095058	20719	1851
18095057	20719	1797
18095056	20719	1816
18095055	20719	1795
18095054	20719	1171
18095053	20719	495
18095052	20719	275
18095050	20718	272
18095049	20718	552
18095024	20715	1340
18095023	20715	1806
18095022	20715	1791
18095020	20715	119
18095019	20715	159
18095018	20715	164
18095017	20715	134
18095016	20715	73
18095014	20715	986
18095013	20715	252
18095012	20715	1816
18095011	20715	1818
18095010	20715	402
18095009	20715	1259
18095008	20715	1772
18095007	20715	1765
18095006	20715	1086
18095005	20715	607
18095004	20715	1780
18095003	20715	1802
18095002	20715	1638
18095001	20715	1799
18094080	20715	1999
18094079	20715	196
18094078	20715	411
18094077	20715	1771
18094076	20715	1068
18094075	20715	1587
18094070	20714	1110
18094069	20714	1002
18094068	20714	1816
18094067	20714	919
18094066	20714	104
18094065	20714	193
18094064	20714	1776
18094062	20714	1790
18094061	20714	75
18094060	20714	1776
18094059	20714	1898
18094058	20714	2028
18094057	20714	1832
18094056	20714	217
18094055	20714	154
18094054	20714	609
18094053	20714	862
18094052	20714	1891
18094051	20714	1807
18094050	20714	728
18094049	20714	62
18094048	20714	78
18094047	20714	104
18094046	20714	1804
18094039	20713	262
18094038	20713	1832
18094037	20713	22
18094036	20713	55
18094035	20713	61
18094034	20713	981
18094033	20713	16
18094032	20713	22
18094031	20713	1872
18094030	20713	1856
18094029	20713	12
18094028	20713	1785
18094026	20713	21
18094022	20712	1803
18094021	20712	15
18094020	20712	1781
18094019	20712	55
18094018	20712	1816
18094017	20712	1807
18094016	20712	15
18094015	20712	65
18094014	20712	1191
18094013	20712	1802
18094012	20712	15
18094011	20712	84
18094010	20712	1721
18094009	20712	14
18094008	20712	1812
18094007	20712	892
18094006	20712	39
18094005	20712	12
18094004	20712	1317
18094003	20712	76
18094002	20712	20
18093068	20710	220
18093067	20710	55
18093051	20709	254
18093050	20709	1701
18093043	20708	1659
18093042	20708	283
18093041	20708	1773
18093040	20708	453
18093039	20708	1350
18093038	20708	1454
18093036	20708	918
18093035	20708	846
18093034	20708	1758
18093033	20708	539
18093032	20708	120
18093031	20708	1808
18093030	20708	480
18093029	20708	1867
18093028	20708	1749
18093027	20708	802
18093026	20708	30
18093025	20708	696
18093024	20708	925
18093023	20708	1805
18093022	20708	1482
18093017	20707	398
18093016	20707	1812
18093015	20707	1807
18093014	20707	2047
18093013	20707	1624
18093012	20707	963
18093011	20707	1838
18093010	20707	1590
18093008	20707	754
18093007	20707	39
18093006	20707	1849
18093005	20707	79
18093003	20707	1218
18093002	20707	1225
18093001	20707	1927
18092102	20707	1840
18092101	20707	1819
18092100	20707	604
18092099	20707	217
18092098	20707	1171
18092093	20706	364
18092092	20706	33
18092091	20706	54
18092090	20706	27
18092089	20706	28
18092088	20706	31
18092087	20706	127
18092086	20706	946
18092085	20706	1944
18092084	20706	34
18092079	20706	626
18092078	20706	1686
18092077	20706	22
18092076	20706	51
18092074	20706	406
18092072	20706	1810
18092071	20706	1817
18092070	20706	833
18092069	20706	201
18092068	20706	2222
18092067	20706	72
18092065	20706	187
18092064	20706	1811
18092063	20706	804
18092062	20706	1777
18092058	20706	15
18092057	20706	33
18092056	20706	60
18092055	20706	46
18092054	20706	1741
18092053	20706	1921
18092038	20705	68
18092037	20705	31
18092036	20705	146
18092035	20705	61
18092033	20705	84
18092032	20705	45
18092031	20705	92
18092030	20705	32
18092029	20705	114
18092028	20705	1807
18092027	20705	901
18092026	20705	11
18092025	20705	154
18092024	20705	1801
18092023	20705	1815
18092022	20705	111
18092021	20705	684
18092020	20705	209
18092019	20705	448
18092018	20705	1833
18092017	20705	1816
18092016	20705	1885
18092015	20705	2009
18092014	20705	42
18092013	20705	1727
18092008	20704	910
18092007	20704	576
18092006	20704	308
18092005	20704	18
18092004	20704	66
18092003	20704	12
18092002	20704	1035
18092001	20704	52
18091059	20704	1408
18091058	20704	1835
18091057	20704	1832
18091056	20704	403
18091055	20704	314
18091054	20704	298
18091053	20704	1595
18091052	20704	1811
18091051	20704	268
18091050	20704	1821
18091049	20704	1806
18091048	20704	1806
18091047	20704	1809
18091046	20704	292
18091045	20704	1691
18091044	20704	858
18091040	20703	517
18091039	20703	1806
18091038	20703	1721
18091037	20703	674
18091035	20703	1421
18091034	20703	1857
18091033	20703	1816
18091032	20703	1746
18091031	20703	1746
18091030	20703	1771
18091029	20703	1869
18091028	20703	292
18091027	20703	168
18091026	20703	129
18091025	20703	87
18091024	20703	1265
18091019	20702	1178
18091018	20702	48
18091017	20702	1291
18091016	20702	1775
18091015	20702	1861
18091014	20702	1545
18091013	20702	1590
18091012	20702	1681
18091011	20702	1862
18091010	20702	1900
18091009	20702	1813
18091008	20702	72
18091007	20702	2030
18091006	20702	1812
18091005	20702	1790
18091004	20702	38
18091003	20702	367
18091002	20702	514
18090073	20701	1496
18090072	20701	1512
18090071	20701	1813
18090070	20701	1021
18090066	20701	1804
18090065	20701	92
18090064	20701	2423
18090063	20701	808
18090062	20701	1825
18090061	20701	1861
18090060	20701	1783
18090059	20701	113
18090058	20701	51
18090057	20701	1849
18090056	20701	2177
18090055	20701	1522
18090047	20699	1786
18090046	20699	1844
18090045	20699	326
18090027	20698	1691
18090026	20698	915
18090025	20698	1881
18090024	20698	1233
18090023	20698	85
18090022	20698	1867
18090021	20698	193
18090020	20698	1807
18090019	20698	86
18090018	20698	654
18090017	20698	638
18090014	20697	916
18090013	20697	1736
18090012	20697	1752
18090011	20697	1811
18090010	20697	1010
18090009	20697	1211
18090008	20697	742
18090007	20697	1135
18090006	20697	711
18090005	20697	674
18090004	20697	820
18090003	20697	1842
18090001	20697	207
18089065	20697	1805
18089064	20697	69
18089063	20697	1807
18089062	20697	26
18089060	20697	12
18089059	20697	516
18089058	20697	91
18089057	20697	79
18089056	20697	97
18089055	20697	939
18089054	20697	405
18089047	20697	1224
18089018	20695	1729
18089017	20695	1152
18089015	20695	300
18089014	20695	1189
18089013	20695	1816
18089012	20695	260
18089011	20695	1828
18089010	20695	1491
18089009	20695	1765
18089008	20695	1899
18089007	20695	1860
18089006	20695	733
18089005	20695	25
18089004	20695	1755
18088043	20692	103
18088042	20692	1916
18088041	20692	377
18088040	20692	1807
18088039	20692	1879
18088038	20692	1854
18088017	20688	1376
18088016	20688	1819
18088015	20688	684
18088014	20688	1833
18088013	20688	2017
18088012	20688	1869
18088011	20688	2030
18088010	20688	1581
18088009	20688	1808
18088008	20688	1820
18088007	20688	1087
18088006	20688	1808
18088005	20688	1209
18088004	20688	1525
18088003	20688	1846
18088002	20688	1820
18087067	20688	1738
18087066	20688	1303
18087063	20687	1438
18087062	20687	1788
18087061	20687	506
18087060	20687	995
18087059	20687	429
18087058	20687	1765
18087057	20687	2154
18087056	20687	395
18087055	20687	193
18087054	20687	215
18087053	20687	1514
18087052	20687	507
18087051	20687	725
18087050	20687	41
18087049	20687	404
18087048	20687	852
18087047	20687	1352
18087046	20687	1896
18087044	20687	702
18087043	20687	1198
18087041	20687	1309
18087040	20687	97
18087038	20687	134
18087037	20687	69
18087024	20684	664
18087023	20684	1795
18087022	20684	448
18087021	20684	1798
18087020	20684	1818
18087019	20684	387
18087018	20684	669
18087017	20684	248
18087016	20684	1549
18087015	20684	1808
18087014	20684	1650
18087013	20684	1774
18087012	20684	773
18087011	20684	1853
18087010	20684	1877
18087009	20684	629
18087008	20684	15
18087007	20684	409
18087006	20684	1805
18087004	20684	1718
18087003	20684	704
18087002	20684	1803
18086057	20682	705
18086054	20682	184
18086053	20682	712
18086052	20682	1415
18086050	20682	1082
18086041	20681	1655
18086040	20681	59
18086038	20681	102
18086037	20681	42
18086036	20681	144
18086034	20681	1254
18086033	20681	1197
18086031	20681	118
18086030	20681	1451
18086029	20681	169
18086028	20681	1805
18086027	20681	1702
18086026	20681	1819
18086025	20681	1849
18086024	20681	748
18086022	20681	311
18086021	20681	1194
18086020	20681	156
18086019	20681	234
18086018	20681	1350
18086017	20681	1361
18086016	20681	1806
18086015	20681	1243
18086014	20681	958
18086012	20681	31
18086008	20680	12
18086007	20680	38
18086006	20680	2073
18086005	20680	2390
18086004	20680	2167
18086003	20680	1832
18086002	20680	1905
18085061	20675	1578
18085060	20675	1663
18085059	20675	22
18085058	20675	180
18085057	20675	2171
18085056	20675	1245
18085055	20675	1828
18085054	20675	1886
18085053	20675	23
18085052	20675	1830
18085051	20675	1818
18085050	20675	126
18085049	20675	623
18085047	20675	268
18085046	20675	748
18085045	20675	227
18085044	20675	1799
18085043	20675	88
18085042	20675	520
18085041	20675	543
18085040	20675	1859
18085039	20675	1826
18085038	20675	187
18085037	20675	319
18085036	20675	1388
18085035	20675	930
18085034	20675	490
18085033	20675	1693
18085026	20674	1170
18085025	20674	1814
18085024	20674	1904
18085023	20674	887
18085022	20674	1205
18085021	20674	1847
18085020	20674	1364
18085019	20674	1807
18085018	20674	1036
18085017	20674	1826
18085016	20674	29
18085015	20674	828
18085014	20674	1808
18085013	20674	1853
18085012	20674	1873
18085011	20674	2127
18085010	20674	1806
18085009	20674	42
18085008	20674	1685
18085003	20671	1573
18085002	20671	47
18085001	20671	2420
18084062	20671	1844
18084061	20671	1623
18084059	20671	700
18084058	20671	1798
18084056	20671	1704
18084055	20671	19
18084054	20671	242
18084053	20671	876
18084052	20671	535
18084051	20671	71
18084050	20671	107
18084049	20671	275
18084048	20671	1751
18084047	20671	1804
18084046	20671	1192
18084045	20671	1712
18084042	20670	1464
18084041	20670	1641
18084040	20670	1918
18084039	20670	567
18084038	20670	792
18084037	20670	1804
18084036	20670	1745
18084034	20670	129
18084033	20670	74
18084032	20670	1228
18084031	20670	1812
18084030	20670	1837
18084029	20670	1820
18084028	20670	713
18084027	20670	857
18084026	20670	2308
18084025	20670	60
18084023	20670	1600
18084022	20670	861
18084021	20670	1793
18084020	20670	1804
18084019	20670	1805
18084014	20669	112
18084013	20669	1528
18084012	20669	1981
18084011	20669	1983
18084010	20669	1259
18084009	20669	1788
18084008	20669	681
18084007	20669	2163
18084006	20669	45
18084005	20669	478
18084004	20669	1124
18084003	20669	1823
18084002	20669	1830
18083077	20668	1353
18083076	20668	1330
18083075	20668	348
18083074	20668	1574
18083073	20668	1787
18083072	20668	1088
18083071	20668	622
18083070	20668	726
18083069	20668	1639
18083067	20668	406
18083066	20668	1098
18083065	20668	858
18083064	20668	1022
18083063	20668	1806
18083062	20668	42
18083061	20668	21
18083060	20668	25
18083059	20668	53
18083058	20668	44
18083057	20668	49
18083056	20668	18
18083054	20668	27
18083053	20668	47
18083052	20668	25
18083051	20668	71
18083050	20668	56
18083049	20668	477
18083048	20668	187
18083047	20668	1802
18083046	20668	730
18083045	20668	302
18083043	20668	1099
18083042	20668	1444
18083041	20668	43
18083031	20667	1477
18083030	20667	1810
18083029	20667	1797
18083026	20667	532
18083025	20667	1812
18083024	20667	1812
18083023	20667	1800
18083022	20667	1806
18083021	20667	1802
18083020	20667	1805
18083019	20667	929
18083018	20667	2009
18083016	20667	720
18083015	20667	1862
18083014	20667	1289
18083013	20667	1725
18083011	20667	1461
18083010	20667	1314
18083007	20666	1000
18083006	20666	2448
18083004	20666	553
18083003	20666	2401
18083002	20666	1207
18083001	20666	402
18082047	20666	1802
18082046	20666	1788
18082045	20666	1862
18082044	20666	1793
18082043	20666	2082
18082042	20666	1880
18082040	20666	428
18082039	20666	1093
18082037	20666	222
18082035	20666	157
18082034	20666	1001
18082033	20666	1525
18082032	20666	1740
18082027	20666	66
18082019	20662	1683
18082018	20662	74
18082017	20662	1798
18082016	20662	2120
18082015	20662	632
18082014	20662	12
18082013	20662	2395
18082012	20662	486
18082011	20662	1348
18082010	20662	1874
18082009	20662	2035
18082008	20662	1718
18082007	20662	2415
18082006	20662	1024
18082004	20662	304
18082003	20662	2556
18082002	20662	1786
18082001	20662	235
18081081	20662	2068
18081080	20662	435
18081079	20662	1788
18081078	20662	1338
18081035	20659	14
18081034	20659	27
18081028	20658	130
18081027	20658	26
18081026	20658	32
18081025	20658	17
18081024	20657	797
18081022	20657	985
18081021	20657	1947
18081019	20657	235
18081017	20657	1810
18081016	20657	1094
18081015	20657	2401
18081014	20657	827
18081013	20657	1571
18081012	20657	106
18081011	20657	995
18081009	20657	1018
18081008	20657	1
18081007	20657	579
18081006	20657	1862
18081005	20657	1739
18081004	20657	489
18081003	20657	1114
18080064	20656	1282
18080063	20656	1825
18080062	20656	1754
18080061	20656	288
18080060	20656	1652
18080059	20656	877
18080058	20656	1074
18080057	20656	1240
18080056	20656	1386
18080055	20656	647
18080054	20656	752
18080053	20656	10
18080052	20656	40
18080051	20656	1414
18080050	20656	345
18080049	20656	108
18080048	20656	967
18080047	20656	1275
18080046	20656	312
18080040	20655	236
18080039	20655	1864
18080038	20655	1823
18080037	20655	1826
18080036	20655	137
18080035	20655	1259
18080034	20655	1329
18080032	20655	1199
18080031	20655	1902
18080030	20655	720
18080029	20655	1358
18080028	20655	1314
18080027	20655	390
18080026	20655	1817
18080025	20655	135
18080024	20655	506
18080023	20655	1794
18080022	20655	1799
18080021	20655	950
18080020	20655	699
18080017	20655	127
18080016	20655	144
18080015	20655	1364
18080010	20654	2648
18080009	20654	2423
18080008	20654	2240
18080007	20654	2499
18080006	20654	2455
18080004	20654	2014
18080003	20654	2418
18080002	20654	2208
18080001	20654	2409
18079062	20654	1618
18079061	20654	1703
18079060	20654	16
18079054	20652	1465
18079053	20652	1619
18079052	20652	287
18079051	20652	2399
18079050	20652	1013
18079049	20652	1844
18079048	20652	572
18079047	20652	1782
18079046	20652	1955
18079045	20652	899
18079044	20652	1190
18079043	20652	1120
18079042	20652	1345
18079041	20652	1779
18079040	20652	1397
18079039	20652	1767
18079038	20652	21
18079037	20652	369
18079036	20652	1675
18079035	20652	338
18079032	20651	1382
18079031	20651	1771
18079030	20651	1788
18079016	20649	269
18079015	20649	445
18079013	20649	1611
18079010	20649	348
18079009	20649	2408
18079008	20649	2833
18079007	20649	2411
18079006	20649	2406
18079005	20649	2571
18079004	20649	1992
18079003	20649	781
18079002	20649	2162
18079001	20649	2409
18078067	20649	2472
18078066	20649	124
18078058	20647	1846
18078057	20647	2407
18078056	20647	2204
18078055	20647	25
18078054	20647	1596
18078053	20647	1810
18078052	20647	2419
18078051	20647	2323
18078050	20647	2128
18078049	20647	184
18078048	20647	1785
18078047	20647	430
18078046	20647	1955
18078045	20647	1776
18078044	20647	1722
18078043	20647	1923
18078041	20646	727
18078034	20645	658
18078033	20645	1860
18078032	20645	22
18078031	20645	34
18078030	20645	438
18078029	20645	1175
18078028	20645	1786
18078027	20645	279
18078026	20645	1825
18078025	20645	1776
18078024	20645	1625
18078022	20645	1589
18078021	20645	1803
18078017	20645	24
18078016	20645	237
18078015	20645	2141
18078014	20645	2069
18078013	20645	1516
18078012	20645	563
18078011	20645	34
18078010	20645	193
18078009	20645	32
18078008	20645	1026
18078007	20645	1711
18078004	20644	668
18078002	20644	1602
18078001	20644	1857
18077047	20644	2407
18077046	20644	430
18077045	20644	1832
18077044	20644	1049
18077043	20644	82
18077042	20644	48
18077041	20644	428
18077040	20644	79
18077039	20644	180
18077038	20644	51
18077037	20644	541
18077036	20644	2412
18077035	20644	2354
18077034	20644	2312
18077033	20644	403
18077032	20644	2418
18077031	20644	1803
18077025	20644	2067
18077016	20643	1713
18077014	20642	135
18077013	20642	1789
18077012	20642	1652
18077011	20642	1596
18077010	20642	1824
18077008	20640	1049
18077007	20640	1584
18077006	20640	427
18077005	20640	14
18077004	20640	1639
18077003	20640	52
18077002	20640	1814
18076079	20639	2794
18076075	20639	1085
18076074	20639	2325
18076073	20639	949
18076072	20639	1730
18076071	20639	2113
18076070	20639	2698
18076069	20639	745
18076068	20639	1449
18076067	20639	208
18076066	20639	1632
18076065	20639	1684
18076064	20639	1676
18076063	20639	535
18076062	20639	582
18076061	20639	15
18076060	20639	38
18076059	20639	40
18076058	20639	26
18076057	20639	433
18076056	20639	30
18076052	20639	61
18076035	20637	1958
18076034	20637	1915
18076033	20637	704
18076032	20637	262
18076031	20637	718
18076030	20637	1804
18076029	20637	1776
18076028	20637	1821
18076027	20637	29
18076026	20637	1815
18076025	20637	1937
18076024	20637	767
18076023	20637	1757
18076022	20637	31
18076021	20637	35
18076020	20637	51
18076019	20637	33
18076018	20637	26
18076017	20637	46
18076016	20637	196
18076015	20637	52
18076014	20637	443
18076013	20637	404
18076012	20637	47
18076011	20637	73
18076010	20637	70
18076009	20637	1154
18076008	20637	195
18076007	20637	836
18076006	20637	64
18076002	20636	762
18076001	20636	1231
18075094	20636	1552
18075093	20636	259
18075092	20636	256
18075091	20636	1464
18075090	20636	140
18075089	20636	1329
18075088	20636	2225
18075087	20636	2438
18075086	20636	1896
18075085	20636	1870
18075084	20636	1036
18075083	20636	1972
18075082	20636	1944
18075081	20636	2116
18075079	20636	1023
18075078	20636	1644
18075020	20633	529
18075019	20633	543
18075018	20633	1632
18075017	20633	1850
18075016	20633	1820
18075015	20633	1708
18075014	20633	1817
18075013	20633	58
18075012	20633	603
18075011	20633	1844
18075010	20633	135
18075009	20633	398
18075008	20633	542
18075007	20633	1471
18075004	20632	1864
18075003	20632	2028
18075002	20632	1825
18075001	20632	173
18074060	20632	743
18074059	20632	1235
18074055	20632	2311
18074054	20632	23
18074053	20632	446
18074052	20632	1949
18074051	20632	1893
18074050	20632	1509
18074032	20628	1189
18074031	20628	1668
18074030	20628	1764
18074029	20628	203
18074028	20628	11
18074027	20628	572
18074026	20628	979
18074025	20628	36
18074024	20628	1546
18074023	20628	1791
18074021	20628	1609
18074020	20628	560
18074019	20628	1796
18074018	20628	1859
18074016	20628	35
18074015	20628	1880
18074014	20628	2085
18074013	20628	1895
18074012	20628	1848
18074011	20628	1915
18074007	20627	444
18074006	20627	2466
18074005	20627	1853
18074004	20627	1722
18074003	20627	310
18074002	20627	969
18074001	20627	1658
18073059	20627	869
18073058	20627	1644
18073057	20627	1610
18073056	20627	1286
18073046	20624	525
18073045	20624	40
18073044	20624	18
18073043	20624	639
18073042	20624	94
18073041	20624	207
18073040	20624	275
18073039	20624	327
18073038	20624	102
18073037	20624	9
18073036	20624	68
18073035	20624	14
18073034	20624	739
18073033	20624	1668
18073032	20624	1735
18073031	20624	1709
18073030	20624	1965
18073029	20624	519
18073028	20624	1090
18073026	20624	228
18073025	20624	793
18073024	20624	1612
18073023	20624	491
18073022	20624	1828
18073021	20624	1808
18073020	20624	410
18072063	20617	781
18072062	20617	341
18072055	20617	147
18072054	20617	1030
18072053	20617	1009
18072051	20617	603
18072031	20613	1073
18072030	20613	1720
18072029	20613	455
18072028	20613	1687
18072027	20613	237
18072026	20613	48
18072025	20613	1898
18072024	20613	1850
18072023	20613	1852
18072022	20613	1848
18072020	20613	1795
18072019	20613	558
18072018	20613	76
18072017	20613	70
18072016	20613	1562
18072010	20612	731
18072009	20612	1441
18072007	20612	62
18072006	20612	45
18072005	20612	954
18072004	20612	140
18072003	20612	1216
18072002	20612	1093
18072001	20612	1811
18071087	20612	1535
18071086	20612	1815
18071085	20612	1866
18071084	20612	1846
18071082	20612	198
18071081	20612	1802
18071080	20612	2258
18071079	20612	1811
18071078	20612	128
18071077	20612	906
18071076	20612	44
18071075	20612	30
18071074	20612	568
18071057	20611	65
18071056	20611	16
18071055	20611	39
18071054	20611	64
18071053	20611	39
18071052	20611	1119
18071051	20611	1679
18071050	20611	76
18071049	20611	32
18071048	20611	38
18071047	20611	135
18071046	20611	14
18071042	20611	710
18071041	20611	1808
18071040	20611	1852
18071039	20611	42
18071036	20611	1810
18071035	20611	1808
18071034	20611	1676
18071033	20611	1235
18071032	20611	1815
18071031	20611	256
18071029	20611	754
18071027	20611	23
18071026	20611	28
18071025	20611	381
18071024	20611	70
18071023	20611	1778
18071022	20611	59
18071020	20611	223
18071019	20611	940
18071011	20607	21
18071010	20607	15
18071009	20607	725
18071008	20607	3612
18071007	20607	1022
18071006	20607	763
18071005	20607	674
18071004	20607	19
18071003	20607	21
18071002	20607	701
18071001	20607	1583
18070082	20607	1835
18070081	20607	583
18070080	20607	1543
18070079	20607	1780
18070077	20607	1475
18070076	20607	1842
18070075	20607	1840
18070074	20607	1808
18070073	20607	387
18070072	20607	1803
18070068	20606	990
18070067	20606	87
18070066	20606	93
18070065	20606	97
18070064	20606	122
18070063	20606	157
18070062	20606	144
18070061	20606	110
18070060	20606	119
18070059	20606	65
18070058	20606	579
18070057	20606	697
18070056	20606	108
18070055	20606	37
18070054	20606	31
18070053	20606	32
18070052	20606	77
18070051	20606	73
18070050	20606	200
18070049	20606	131
18070048	20606	304
18070047	20606	49
18070046	20606	49
18070045	20606	54
18070044	20606	48
18070043	20606	23
18070042	20606	45
18070041	20606	849
18070040	20606	246
18070039	20606	87
18070038	20606	150
18070037	20606	74
18070036	20606	280
18070035	20606	32
18070034	20606	1024
18070033	20606	1286
18070032	20606	1408
18070031	20606	610
18070030	20606	1122
18070029	20606	423
18070028	20606	72
18070027	20606	1804
18070026	20606	1806
18070025	20606	1759
18070007	20604	915
18070006	20604	264
18070005	20604	2292
18070004	20604	2305
18070002	20604	2326
18070001	20604	2917
18069073	20604	1801
18069065	20604	1723
18069064	20604	533
18069062	20604	1506
18069061	20604	652
18069060	20604	1768
18069059	20604	384
18069057	20604	373
18069056	20604	211
18069044	20602	63
18069043	20602	648
18069042	20602	913
18069041	20602	1675
18069040	20602	1816
18069039	20602	1811
18069038	20602	392
18069037	20602	704
18069036	20602	667
18069035	20602	698
18069034	20602	693
18069033	20602	248
18069031	20602	16
18069030	20602	392
18069029	20602	1639
18069028	20602	1817
18069027	20602	1531
18069023	20602	922
18069021	20602	1234
18069020	20602	764
18069019	20602	182
18069013	20599	374
18069012	20599	357
18069007	20598	82
18069006	20598	266
18069005	20598	713
18069004	20598	696
18068121	20596	82
18068028	20595	814
18068027	20595	1201
18068026	20595	96
18068020	20595	1960
18068019	20595	856
18068016	20595	1291
18068015	20595	373
18068014	20595	631
18068013	20595	1493
18068012	20595	1451
18068011	20595	1412
18068009	20595	1076
18068008	20595	1041
18067097	20594	1570
18067096	20594	1816
18067095	20594	1910
18067093	20594	226
18067092	20594	51
18067091	20594	55
18067090	20594	1467
18067089	20594	816
18067088	20594	618
18067087	20594	1864
18067086	20594	1861
18067085	20594	1598
18067084	20594	496
18067082	20594	979
18067081	20594	452
18067080	20594	158
18067079	20594	1846
18067078	20594	1816
18067077	20594	1123
18067076	20594	383
18067075	20594	131
18067074	20594	180
18067073	20594	149
18067072	20594	1569
18067071	20594	309
18067067	20593	913
18067029	20592	1858
18067028	20592	1433
18067026	20592	1891
18067025	20592	1833
18067024	20592	2389
18067023	20592	1498
18067022	20592	2210
18067021	20592	1345
18067019	20592	508
18067018	20592	2099
18067017	20592	2157
18067016	20592	2070
18067014	20592	1993
18067013	20592	995
18067012	20592	1189
18067011	20592	293
18067010	20592	47
18067007	20592	20
18067006	20592	34
18067005	20592	21
18067004	20592	31
18067003	20592	18
18067002	20592	86
18067001	20592	1479
18066055	20592	1833
18066054	20592	1531
18066053	20592	1815
18066052	20592	1738
18066049	20591	180
18066048	20591	2384
18066047	20591	1872
18066046	20591	2151
18066045	20591	480
18066043	20591	1805
18066040	20591	41
18066028	20588	1168
18066024	20588	730
18066021	20588	1460
18066020	20588	447
18066019	20588	1606
18066017	20588	1766
18066016	20588	136
18066013	20588	1409
18066012	20588	709
18066011	20588	654
18066010	20588	741
18066009	20588	655
18066008	20588	748
18066007	20588	905
18066006	20588	923
18066005	20588	879
18066004	20588	883
18065083	20586	1886
18065082	20586	401
18065081	20586	457
18065080	20586	1865
18065079	20586	1787
18065077	20586	1772
18065076	20586	574
18065074	20586	1304
18065072	20586	186
18065071	20586	1965
18065070	20586	32
18065069	20586	1959
18065068	20586	1823
18065067	20586	2021
18065062	20585	196
18065061	20585	1569
18065060	20585	1760
18065059	20585	33
18065058	20585	30
18065057	20585	13
18065056	20585	30
18065055	20585	30
18065054	20585	32
18065053	20585	31
18065052	20585	34
18065051	20585	29
18065050	20585	122
18065047	20585	552
18065046	20585	586
18065045	20585	91
18065044	20585	1561
18065033	20584	455
18065032	20584	1884
18065031	20584	279
18065030	20584	128
18065029	20584	534
18065020	20584	524
18065019	20584	1171
18065015	20584	591
18065014	20584	1943
18065013	20584	1698
18065012	20584	1868
18065011	20584	1720
18065010	20584	484
18065009	20584	50
18065008	20584	41
18065005	20584	1533
18064039	20582	104
18064038	20582	25
18064033	20582	51
18064030	20582	31
18064022	20582	86
18064020	20581	51
18064019	20581	78
18064018	20581	139
18064017	20581	103
18064015	20581	88
18064014	20581	4
18064010	20581	1185
18064009	20581	1865
18064008	20581	1806
18064007	20581	1851
18064006	20581	1160
18064005	20581	206
18064004	20581	824
18063120	20578	2213
18063119	20578	33
18063118	20578	168
18063117	20578	134
18063105	20578	1481
18063104	20578	441
18063103	20578	1773
18063101	20578	94
18063100	20578	323
18063099	20578	83
18063098	20578	80
18063097	20578	17
18063096	20578	40
18063095	20578	42
18063094	20578	37
18063093	20578	106
18063092	20578	210
18063089	20578	189
18063088	20578	212
18063087	20578	84
18063071	20577	767
18063070	20577	497
18063069	20577	974
18063068	20577	3
18063066	20577	31
18063065	20577	41
18063064	20577	39
18063063	20577	44
18063062	20577	35
18063061	20577	31
18063060	20577	42
18063059	20577	30
18063058	20577	27
18063057	20577	31
18063056	20577	37
18063055	20577	41
18063054	20577	30
18063053	20577	41
18063052	20577	283
18063051	20577	65
18063037	20577	152
18063036	20577	774
18063035	20577	70
18063034	20577	1019
18063033	20577	136
18063032	20577	96
18063031	20577	669
18063030	20577	599
18063029	20577	80
18063027	20577	225
18063026	20577	65
18063025	20577	102
18063024	20577	278
18063023	20577	965
18063022	20577	1523
18063019	20576	846
18063018	20576	1073
18063017	20576	1764
18063016	20576	1711
18063015	20576	1855
18063014	20576	1694
18063012	20576	881
18063011	20576	1753
18063010	20576	1736
18063009	20576	1766
18063008	20576	1699
18063005	20576	441
18063004	20576	747
18062070	20575	631
18062069	20575	809
18062068	20575	1318
18062065	20575	1401
18062064	20575	1516
18062061	20575	1073
18062060	20575	860
18062056	20575	1112
18062055	20575	824
18062054	20575	49
18062053	20575	57
18062052	20575	684
18062048	20575	674
18062047	20575	249
18062046	20575	1228
18062045	20575	445
18062044	20575	383
18062043	20575	133
18062041	20575	1299
18062040	20575	47
18062021	20573	865
18062018	20573	1341
18062017	20573	1771
18062016	20573	426
18062015	20573	1597
18062014	20573	1739
18062012	20573	946
18062011	20573	2103
18062010	20573	1654
18062009	20573	191
18062008	20573	646
18062007	20573	1850
18062006	20573	1680
18062005	20573	1908
18062002	20571	839
18062001	20571	1740
18061104	20571	204
18061102	20571	1748
18061101	20571	1797
18061100	20571	1789
18061099	20571	1883
18061098	20571	1823
18061097	20571	679
18061094	20571	1810
18061093	20571	1797
18061092	20571	90
18061091	20571	1200
18061090	20571	57
18061089	20571	1797
18061088	20571	1807
18061087	20571	1522
18061084	20571	14
18061079	20570	525
18061078	20570	434
18061077	20570	232
18061076	20570	318
18061075	20570	437
18061074	20570	332
18061073	20570	564
18061072	20570	560
18061071	20570	73
18061058	20570	808
18061057	20570	1332
18061056	20570	1801
18061055	20570	929
18061053	20570	356
18061052	20570	561
18061051	20570	909
18061049	20570	214
18061048	20570	1815
18061033	20569	526
18061032	20569	887
18061029	20569	480
18061028	20569	574
18061027	20569	1724
18061026	20569	19
18061025	20569	78
18061024	20569	1182
18061023	20569	1703
18061022	20569	1233
18061014	20568	1675
18061013	20568	1761
18061012	20568	1585
18061008	20568	1286
18061007	20568	1480
18060120	20568	338
18060119	20568	1534
18060118	20568	1853
18060117	20568	913
18060116	20568	98
18060115	20568	1526
18060114	20568	88
18060113	20568	491
18060112	20568	99
18060111	20568	32
18060110	20568	89
18060107	20568	37
18060106	20568	160
18060068	20567	24
18060067	20567	20
18060016	20566	1687
18060015	20566	1555
18060013	20566	1154
18060012	20566	951
18060008	20564	1270
18060007	20564	1734
18060006	20564	269
18060003	20564	1580
18060002	20564	1589
18059078	20564	1968
18059077	20564	1809
18059072	20564	1238
18059069	20564	330
18059068	20564	1628
18059067	20564	666
18059066	20564	1854
18059065	20564	1180
18059064	20564	1782
18059063	20564	52
18059062	20564	55
18059061	20564	1169
18059056	20563	138
18059055	20563	213
18059054	20563	872
18059053	20563	613
18059051	20563	134
18059026	20562	766
18059024	20562	36
18059021	20562	840
18059018	20562	679
18059017	20562	1947
18059016	20562	1964
18059015	20562	1487
18059013	20562	385
18059010	20562	1521
18059009	20562	1536
18059008	20562	554
18059006	20562	2069
18058048	20554	15
18058047	20554	17
18058034	20552	166
18058033	20552	50
18058032	20552	550
18058031	20552	1818
18058030	20552	37
18058029	20552	463
18058028	20552	1804
18058027	20552	1884
18058025	20552	1801
18058018	20552	1831
18058016	20552	37
18058015	20552	1505
18058014	20552	966
18058013	20552	1679
18058012	20552	39
18058011	20552	28
18058008	20552	803
18058007	20552	1359
18057107	20550	1339
18057106	20550	912
18057102	20550	1538
18057101	20550	1193
18057092	20548	1087
18057091	20548	147
18057090	20548	1751
18057089	20548	1669
18057088	20548	1723
18057087	20548	1544
18057084	20548	656
18057083	20548	17
18057082	20548	83
18057081	20548	82
18057080	20548	10
18057079	20548	95
18057078	20548	83
18057077	20548	79
18057076	20548	87
18057075	20548	84
18057074	20548	249
18057072	20548	375
18057071	20548	61
18057061	20548	2287
18057034	20546	2107
18057033	20546	1667
18057032	20546	1906
18057031	20546	1798
18057030	20546	1828
18057029	20546	87
18057026	20546	1354
18057025	20546	1660
18057024	20546	1780
18057023	20546	1789
18057022	20546	467
18057021	20546	1818
18057017	20545	1500
18057016	20545	1804
18057015	20545	1806
18057014	20545	911
18057013	20545	1515
18057012	20545	40
18056122	20545	414
18056117	20545	335
18056115	20545	1770
18056111	20545	1789
18056088	20539	143
18056087	20539	39
18056067	20539	520
18056066	20539	1896
18056063	20539	1824
18056062	20539	21
18056061	20539	230
18056060	20539	1842
18056059	20539	694
18056058	20539	1794
18056057	20539	1807
18056056	20539	1347
18056055	20539	37
18056050	20537	635
18056049	20537	600
18056048	20537	65
18056047	20537	31
18056046	20537	57
18056045	20537	21
18056044	20537	122
18056043	20537	74
18056042	20537	137
18056039	20537	88
18056038	20537	90
18056037	20537	134
18056036	20537	43
18056035	20537	2
18056034	20537	147
18056033	20537	53
18056032	20537	30
18056031	20537	69
18056030	20537	96
18056029	20537	116
18056028	20537	135
18056022	20537	3
18056021	20537	107
18056020	20537	55
18056019	20537	92
18056018	20537	30
18056017	20537	93
18056016	20537	22
18056015	20537	5
18056014	20537	3
18056013	20537	189
18056010	20537	85
18055115	20533	45
18055114	20533	39
18055106	20533	23
18055071	20532	514
18055070	20532	347
18055054	20532	356
18055052	20532	1821
18055051	20532	1113
18055050	20532	1786
18055049	20532	1876
18055048	20532	1721
18055046	20532	47
18055043	20532	622
18055042	20532	930
18055041	20532	301
18055040	20532	352
18055039	20532	294
18055038	20532	719
18055034	20532	37
18055033	20532	245
18054071	20532	126
18054070	20532	293
18054046	20522	446
18054045	20522	469
18054044	20522	1792
18054043	20522	1800
18054042	20522	1809
18054020	20522	670
18054019	20522	1660
18054018	20522	63
18054017	20522	1576
18054014	20522	1195
18054013	20522	1583
18054012	20522	1657
18054011	20522	1589
18054010	20522	1647
18054009	20522	190
18054006	20522	1105
18054005	20522	1395
18054004	20522	190
18054003	20522	1701
18053128	20522	207
18053124	20522	482
18053123	20522	65
18053122	20522	321
18053121	20522	104
18053120	20522	71
18053119	20522	40
18053118	20522	32
18053117	20522	61
18053113	20522	22
18053111	20522	31
18053110	20522	100
18053109	20522	31
18053108	20522	22
18053107	20522	25
18053106	20522	28
18053105	20522	220
18053104	20522	812
18053103	20522	255
18053102	20522	209
18053101	20522	186
18053100	20522	85
18053099	20522	126
18053098	20522	94
18053097	20522	22
18053096	20522	99
18053095	20522	86
18053094	20522	16
18053093	20522	138
