18149069 
18149068 
18149067 
18149066 
18149065 
18149064 
18149063 
18149061 
18149060 
18149059 
18149057 
18149056 
18149055 
18149052 
18149051 
18149050 
18149049 
18149048 
18149047 
18149046 
18149045 
18149044 
18149043 
18149042 
18149041 
18149039 
18149038 
18149030 
18149029 
18149028 
18149027 
18149026 
18149025 
18149024 
18149023 
18149022 
18149021 
18149020 
18149019 
18149018 
18149017 
18149016 
18149012 
18149010 
18149009 
18149008 
18149006 
18149005 
18149004 
18149003 
18149002 
18149001 
18148069 
18148068 
18148067 
18148066 
18148065 
18148064 
18148063 
18148062 
18148061 
18148060 
18148059 
18148058 
18148054 
18148053 
18148051 
18148048 
18148047 
18148046 
18148045 
18148044 
18148043 
18148042 
18148041 
18148040 
18148039 
18148038 
18148037 
18148036 
18148035 
18148034 
18148033 
18148032 
18148031 
18148030 
18148029 
18148028 
18148023 
18148022 
18148021 
18148020 
18148019 
18148017 
18148016 
18148015 
18148014 
18148013 
18148012 
18148011 
18148010 
18148009 
18148008 
18148007 
18148006 
18148005 
18148004 
18148002 
18148001 
18147053 
18147052 
18147049 
18147048 
18147047 
18147046 
18147045 
18147044 
18147043 
18147042 
18147041 
18147040 
18147039 
18147038 
18147037 
18147036 
18147035 
18147034 
18147033 
18147026 
18147025 
18147024 
18147023 
18147022 
18147020 
18147019 
18147014 
18147013 
18147012 
18147011 
18147010 
18147009 
18147008 
18147007 
18147006 
18147005 
18147004 
18147003 
18147002 
18147001 
18146049 
18146048 
18146047 
18146046 
18146045 
18146044 
18146043 
18146042 
18146040 
18146039 
18146036 
18146035 
18146034 
18146033 
18146032 
18146031 
18146030 
18146029 
18146028 
18146027 
18146026 
18146025 
18146024 
18146023 
18146022 
18146021 
18146020 
18146019 
18146018 
18146012 
18146011 
18146010 
18146009 
18146008 
18146007 
18146005 
18146004 
18146003 
18146002 
18146001 
18145030 
18145029 
18144015 
18144014 
18144012 
18144011 
18144010 
18144008 
18144007 
18144006 
18144005 
18144004 
18144003 
18144002 
18144001 
18143058 
18143057 
18143056 
18143055 
18143046 
18143045 
18143044 
18143043 
18143042 
18143041 
18143040 
18143039 
18143038 
18143037 
18143036 
18143035 
18143034 
18143033 
18143032 
18143031 
18143029 
18143028 
18143027 
18143026 
18143012 
18143011 
18143010 
18143009 
18143008 
18143007 
18143006 
18143005 
18143003 
18143002 
18143001 
18142083 
18142082 
18142081 
18142080 
18142079 
18142078 
18142069 
18142068 
18142067 
18142066 
18142065 
18142064 
18142063 
18142062 
18142061 
18142060 
18142059 
18142057 
18142056 
18142055 
18142041 
18142040 
18142039 
18142038 
18142037 
18142036 
18142034 
18142033 
18142032 
18142031 
18142030 
18142029 
18142028 
18142027 
18142026 
18142025 
18142024 
18142023 
18142022 
18142021 
18142020 
18142019 
18142018 
18142017 
18142005 
18142002 
18142001 
18141067 
18141066 
18141065 
18141062 
18141057 
18141056 
18141055 
18141054 
18141053 
18141052 
18141046 
18141045 
18141044 
18141043 
18141042 
18141041 
18141040 
18141039 
18141038 
18141037 
18141036 
18141035 
18141034 
18141033 
18141032 
18141031 
18141030 
18141029 
18141027 
18141026 
18141025 
18141019 
18141017 
18141016 
18141015 
18141013 
18141012 
18141011 
18141010 
18141009 
18141008 
18141007 
18141004 
18141003 
18141002 
18141001 
18140060 
18140059 
18140058 
18140057 
18140056 
18140055 
18140054 
18140049 
18140048 
18140041 
18140040 
18140039 
18140038 
18140037 
18140036 
18140035 
18140034 
18140030 
18140029 
18140028 
18140027 
18140026 
18140025 
18140024 
18140023 
18140022 
18140021 
18140020 
18140019 
18140018 
18140017 
18140016 
18140013 
18140012 
18140011 
18140010 
18140009 
18140008 
18140007 
18140006 
18140005 
18140004 
18140003 
18140002 
18140001 
18139067 
18139066 
18139064 
18139063 
18139062 
18139061 
18139060 
18139059 
18139044 
18139043 
18139042 
18139041 
18139040 
18139039 
18139038 
18139037 
18139036 
18139035 
18139034 
18139033 
18139030 
18139029 
18139022 
18139021 
18139020 
18139019 
18139018 
18139017 
18139016 
18139015 
18139014 
18139013 
18139012 
18139011 
18139010 
18139006 
18139005 
18139004 
18139003 
18139002 
18139001 
18138037 
18138036 
18138035 
18138034 
18138031 
18138030 
18138029 
18138028 
18138027 
18138026 
18138025 
18138013 
18138012 
18138011 
18138010 
18138009 
18138008 
18138007 
18138006 
18138005 
18138004 
18138003 
18137047 
18137029 
18137028 
18137027 
18137026 
18137025 
18137024 
18137023 
18137022 
18137020 
18137019 
18137018 
18137017 
18137016 
18137015 
18137014 
18137013 
18137012 
18137011 
18137010 
18137009 
18137008 
18137007 
18137006 
18137005 
18137004 
18137003 
18137002 
18137001 
18136055 
18136052 
18136051 
18136050 
18136049 
18136048 
18136047 
18136046 
18136045 
18136044 
18136042 
18136041 
18136040 
18136039 
18136038 
18136037 
18136036 
18136035 
18136034 
18136033 
18136032 
18136026 
18136024 
18136023 
18136022 
18136021 
18136020 
18136019 
18136018 
18136017 
18136016 
18136015 
18136014 
18136013 
18136012 
18136011 
18136010 
18136009 
18136008 
18136007 
18136006 
18136002 
18136001 
18135065 
18135064 
18135063 
18135062 
18135061 
18135060 
18135059 
18135057 
18135056 
18135055 
18135054 
18135053 
18135052 
18135050 
18135049 
18135048 
18135039 
18135038 
18135037 
18135036 
18135035 
18135034 
18135033 
18135032 
18135031 
18135030 
18135029 
18135028 
18135027 
18135026 
18135025 
18135024 
18135023 
18135022 
18135021 
18135020 
18135019 
18135018 
18135014 
18135013 
18135012 
18135011 
18135010 
18135009 
18135008 
18135007 
18135006 
18135005 
18135004 
18135003 
18135002 
18135001 
18134054 
18134053 
18134051 
18134050 
18134049 
18134048 
18134047 
18134046 
18134045 
18134044 
18134043 
18134042 
18134041 
18134040 
18134038 
18134037 
18134036 
18134035 
18134034 
18134033 
18134032 
18134031 
18134030 
18134029 
18134019 
18134018 
18134017 
18134015 
18134014 
18134013 
18134012 
18134011 
18134010 
18134009 
18134008 
18134007 
18134006 
18134005 
18134004 
18134003 
18134002 
18134001 
18133054 
18133053 
18133051 
18133050 
18133049 
18133048 
18133047 
18133046 
18133045 
18133044 
18133043 
18133042 
18133041 
18133040 
18133038 
18133037 
18133036 
18133032 
18133017 
18133012 
18133011 
18133010 
18133009 
18133008 
18133007 
18133006 
18133005 
18133004 
18133003 
18133002 
18133001 
18132065 
18132064 
18132063 
18132062 
18132061 
18132059 
18132058 
18132057 
18132056 
18132054 
18132053 
18132051 
18132042 
18132041 
18132040 
18132039 
18132038 
18132037 
18132032 
18132031 
18132030 
18132027 
18132026 
18132025 
18132024 
18132022 
18132021 
18132020 
18132016 
18132015 
18132014 
18132013 
18132012 
18132011 
18132009 
18132008 
18131098 
18131097 
18131096 
18131095 
18131094 
18131093 
18131022 
18131021 
18131020 
18131019 
18131018 
18131017 
18131016 
18131015 
18131014 
18131013 
18131012 
18131011 
18131010 
18131009 
18131004 
18131003 
18131002 
18131001 
18130098 
18130097 
18130096 
18130095 
18130094 
18130093 
18130092 
18130091 
18130036 
18130035 
18130034 
18130033 
18130032 
18130031 
18130030 
18130028 
18130027 
18130026 
18130025 
18130024 
18130023 
18130022 
18130021 
18130020 
18130019 
18130018 
18130012 
18130011 
18130010 
18130009 
18130008 
18130007 
18130006 
18130005 
18130004 
18130003 
18130002 
18130001 
18129114 
18129113 
18129112 
18129111 
18129110 
18129109 
18129108 
18129107 
18129106 
18129105 
18129104 
18129103 
18129102 
18129055 
18129054 
18129053 
18129052 
18129051 
18129050 
18129049 
18129048 
18129045 
18129044 
18129042 
18129041 
18129040 
18129039 
18129038 
18129037 
18129036 
18129033 
18129032 
18129031 
18129029 
18129028 
18129027 
18129025 
18129024 
18129023 
18129019 
18129018 
18129017 
18129016 
18129015 
18129014 
18129013 
18129012 
18129011 
18129010 
18129009 
18129008 
18129007 
18129006 
18129005 
18129004 
18129003 
18129001 
18128059 
18128058 
18128057 
18128056 
18128055 
18128054 
18128053 
18128052 
18128051 
18128050 
18128035 
18128034 
18128033 
18128032 
18128031 
18128030 
18128029 
18128028 
18128027 
18128026 
18128025 
18128024 
18128023 
18128022 
18128021 
18128020 
18128018 
18128017 
18128016 
18128012 
18128011 
18128010 
18128009 
18128008 
18128007 
18128006 
18128005 
18128004 
18128003 
18128002 
18128001 
18127091 
18127090 
18127089 
18127088 
18127087 
18127086 
18127085 
18127084 
18127083 
18127082 
18127081 
18127080 
18127079 
18127078 
18127077 
18127076 
18127075 
18127074 
18127073 
18127071 
18127066 
18127065 
18127064 
18127063 
18127062 
18127061 
18127060 
18127059 
18127058 
18127057 
18127056 
18127055 
18127054 
18127053 
18127048 
18127047 
18127046 
18127045 
18127043 
18127042 
18127041 
18127040 
18127039 
18127038 
18127037 
18127036 
18127035 
18127033 
18127030 
18127029 
18127027 
18127026 
18127025 
18127023 
18127022 
18127021 
18127019 
18127013 
18127012 
18127011 
18127008 
18127004 
18127003 
18127002 
18126007 
18126003 
18126002 
18126001 
18125058 
18125057 
18125056 
18125055 
18125054 
18125053 
18125052 
18125051 
18125050 
18125049 
18125048 
18125047 
18125046 
18125045 
18125043 
18125042 
18125041 
18125031 
18125030 
18125029 
18125028 
18125027 
18125025 
18125024 
18125023 
18125022 
18125021 
18125020 
18125019 
18125018 
18125017 
18125016 
18125015 
18125014 
18125013 
18125012 
18125011 
18125010 
18125009 
18125008 
18125007 
18125006 
18125005 
18125004 
18125003 
18124028 
18124027 
18124026 
18124025 
18124024 
18124023 
18124022 
18124021 
18124020 
18124019 
18124016 
18124015 
18124014 
18124012 
18124011 
18124010 
18124007 
18124006 
18124005 
18124004 
18124003 
18124002 
18123026 
18123025 
18123024 
18123022 
18123020 
18123018 
18123017 
18123016 
18123014 
18123013 
18123012 
18123011 
18123010 
18123007 
18123006 
18123005 
18123004 
18123003 
18123002 
18122041 
18122040 
18122039 
18122038 
18122030 
18122029 
18122028 
18122027 
18122026 
18122025 
18122023 
18122022 
18122021 
18122020 
18122019 
18122018 
18122017 
18122016 
18122014 
18122013 
18122011 
18122010 
18122008 
18122007 
18121033 
18121032 
18121031 
18121030 
18121029 
18121028 
18121025 
18121024 
18121023 
18121022 
18121020 
18121018 
18121017 
18121016 
18121015 
18121014 
18121013 
18121012 
18121011 
18121010 
18121009 
18121008 
18121004 
18121003 
18121002 
18121001 
18120068 
18120066 
18120065 
18120064 
18120063 
18120062 
18120060 
18120054 
18120053 
18120052 
18120051 
18120049 
18120048 
18120047 
18120046 
18120044 
18120043 
18120042 
18120041 
18120040 
18120039 
18120038 
18120037 
18120036 
18120035 
18120034 
18120033 
18120032 
18120031 
18120030 
18120029 
18120028 
18120027 
18120025 
18120020 
18120018 
18120017 
18120015 
18120014 
18120013 
18120010 
18120009 
18120008 
18120007 
18120006 
18120005 
18120004 
18120003 
18120001 
18119055 
18119054 
18119053 
18119052 
18119047 
18119046 
18119045 
18119044 
18119042 
18119041 
18119032 
18119031 
18119030 
18119029 
18119028 
18119027 
18119026 
18119025 
18119024 
18119023 
18119022 
18119021 
18119020 
18119019 
18119018 
18119017 
18119016 
18119007 
18119006 
18119005 
18118051 
18118049 
18118048 
18118045 
18118044 
18118043 
18118040 
18118039 
18118038 
18118036 
18118035 
18118027 
18118026 
18118025 
18118024 
18118022 
18118021 
18118020 
18118019 
18118018 
18118017 
18118016 
18118015 
18118014 
18118013 
18118011 
18118010 
18118009 
18118008 
18118007 
18118004 
18118003 
18118002 
18118001 
18117079 
18117078 
18117077 
18117076 
18117075 
18117074 
18117073 
18117030 
18117029 
18117028 
18117027 
18117026 
18117025 
18117024 
18117023 
18117022 
18117021 
18117012 
18117010 
18117009 
18117008 
18117003 
18117002 
18117001 
18116048 
18116047 
18116046 
18116045 
18116044 
18116043 
18116042 
18116041 
18116040 
18116039 
18116036 
18116035 
18116034 
18116006 
18116005 
18116004 
18116003 
18116002 
18115057 
18115054 
18115053 
18115052 
18115048 
18115045 
18115044 
18115039 
18115038 
18115029 
18115028 
18115027 
18115026 
18115025 
18115023 
18115022 
18115020 
18115019 
18115018 
18115017 
18115016 
18115015 
18115014 
18115013 
18115012 
18115011 
18115010 
18115007 
18115006 
18115005 
18115004 
18115003 
18115002 
18115001 
18114061 
18114060 
18114059 
18114057 
18114056 
18114055 
18114054 
18114053 
18114052 
18114051 
18114050 
18114012 
18114011 
18114010 
18114009 
18114008 
18114007 
18114006 
18114005 
18114002 
18114001 
18113061 
18113060 
18113059 
18113058 
18113057 
18113055 
18113054 
18113053 
18113052 
18113051 
18113049 
18113048 
18113043 
18113042 
18113041 
18113040 
18113039 
18113038 
18113037 
18113036 
18113035 
18113034 
18113033 
18113032 
18113031 
18113030 
18113029 
18113028 
18113027 
18113026 
18113025 
18113024 
18113019 
18113018 
18113017 
18113016 
18113015 
18113014 
18113013 
18113012 
18113011 
18113010 
18113009 
18113008 
18113007 
18113006 
18113005 
18113004 
18113003 
18113002 
18113001 
18112049 
18112048 
18112047 
18112043 
18112042 
18112041 
18112040 
18112039 
18112038 
18112037 
18112036 
18112035 
18112034 
18112033 
18112032 
18112031 
18112030 
18112029 
18112028 
18112027 
18112026 
18112019 
18112012 
18112011 
18112010 
18112009 
18112008 
18112007 
18112006 
18112005 
18112004 
18112003 
18112002 
18112001 
18111055 
18111054 
18111053 
18111051 
18111050 
18111049 
18111047 
18111045 
18111044 
18111042 
18111041 
18111040 
18111039 
18111038 
18111037 
18111036 
18111035 
18111034 
18111033 
18111032 
18111031 
18111030 
18111023 
18111022 
18111021 
18111020 
18111019 
18111016 
18111015 
18111014 
18111013 
18111012 
18111011 
18111010 
18111009 
18111008 
18111007 
18111006 
18111005 
18111004 
18110021 
18110020 
18110019 
18110018 
18110017 
18110016 
18110015 
18110014 
18110005 
18110004 
18110002 
18110001 
18109058 
18109057 
18109056 
18109054 
18109053 
18109052 
18109037 
18109036 
18109035 
18109033 
18109032 
18109031 
18109029 
18109028 
18109027 
18109026 
18109025 
18109024 
18109023 
18109022 
18109021 
18109020 
18109019 
18109018 
18109017 
18109016 
18109015 
18109014 
18109013 
18109012 
18109011 
18109009 
18109008 
18109007 
18109006 
18109005 
18109004 
18109002 
18109001 
18108102 
18108101 
18108093 
18108092 
18108091 
18108090 
18108089 
18108088 
18108087 
18108086 
18108085 
18108084 
18108083 
18108082 
18108081 
18108080 
18108077 
18108076 
18108075 
18108074 
18108073 
18108070 
18108058 
18108057 
18108056 
18108055 
18108054 
18108053 
18108051 
18108050 
18108048 
18108047 
18108046 
18108045 
18108039 
18108038 
18108037 
18108036 
18108035 
18108034 
18108033 
18108032 
18108031 
18108030 
18108029 
18108028 
18108027 
18108026 
18108025 
18108024 
18108023 
18108022 
18108021 
18108020 
18108019 
18108018 
18108017 
18108016 
18108015 
18108014 
18108012 
18108011 
18108010 
18108009 
18108007 
18108006 
18108005 
18108004 
18108003 
18108001 
18107102 
18107044 
18107043 
18107042 
18107041 
18107040 
18107037 
18107036 
18107035 
18107034 
18107033 
18107032 
18107031 
18107030 
18107029 
18107028 
18107027 
18107026 
18107025 
18107024 
18107023 
18107022 
18107021 
18107020 
18107018 
18107014 
18107013 
18107012 
18107011 
18107010 
18107009 
18107008 
18107005 
18107004 
18107003 
18107002 
18106069 
18106068 
18106067 
18106066 
18106065 
18106064 
18106063 
18106062 
18106059 
18106058 
18106057 
18106056 
18106055 
18106054 
18106053 
18106052 
18106051 
18106050 
18106049 
18106048 
18106046 
18106045 
18106044 
18106043 
18106042 
18106041 
18106040 
18106039 
18106038 
18106036 
18106035 
18106034 
18106033 
18106032 
18106031 
18106030 
18106029 
18106024 
18106023 
18106022 
18106021 
18106020 
18106019 
18106013 
18106012 
18106011 
18106010 
18106009 
18106008 
18106007 
18106006 
18106005 
18106004 
18106003 
18106002 
18105056 
18105055 
18105054 
18105053 
18105051 
18105050 
18105049 
18105048 
18105047 
18105046 
18105045 
18105044 
18105043 
18105042 
18105041 
18105040 
18105039 
18105038 
18105037 
18105031 
18105030 
18105029 
18105028 
18105027 
18105026 
18105025 
18105024 
18105023 
18105022 
18105021 
18105020 
18105019 
18105018 
18105017 
18105015 
18105014 
18105013 
18105012 
18105011 
18105010 
18105009 
18105002 
18105001 
18104048 
18104047 
18104046 
18104045 
18104044 
18104043 
18104042 
18104041 
18104040 
18104039 
18104038 
18104037 
18104036 
18104034 
18104033 
18104032 
18104027 
18104026 
18104025 
18104023 
18104022 
18104021 
18104020 
18104019 
18104018 
18104017 
18104016 
18104015 
18104014 
18104013 
18104012 
18104011 
18104010 
18104009 
18104008 
18104005 
18104004 
18104003 
18104002 
18104001 
18103060 
18103059 
18103058 
18103057 
18103056 
18103055 
18103054 
18103050 
18103023 
18103021 
18103020 
18103019 
18103018 
18103017 
18103016 
18103015 
18103014 
18103013 
18103012 
18103009 
18103003 
18103001 
18102068 
18102067 
18102024 
18102023 
18102021 
18102018 
18102017 
18102016 
18102015 
18102014 
18102013 
18102012 
18102011 
18102010 
18102009 
18102008 
18102007 
18102005 
18102004 
18102003 
18102002 
18102001 
18101057 
18101056 
18101055 
18101054 
18101047 
18101046 
18101045 
18101044 
18101043 
18101042 
18101041 
18101040 
18101039 
18101038 
18101037 
18101036 
18101035 
18101034 
18101033 
18101032 
18101031 
18101030 
18101029 
18101028 
18101027 
18101026 
18101022 
18101021 
18101020 
18101019 
18101018 
18101017 
18101016 
18101015 
18101012 
18101011 
18101010 
18101009 
18101008 
18101007 
18101006 
18101005 
18101004 
18101003 
18101002 
18100061 
18100060 
18100059 
18100058 
18100057 
18100056 
18100055 
18100054 
18100053 
18100052 
18100051 
18100050 
18100049 
18100048 
18100046 
18100045 
18100044 
18100043 
18100034 
18100033 
18100032 
18100031 
18100029 
18100027 
18100025 
18100023 
18100022 
18100019 
18100018 
18100017 
18100016 
18100015 
18100014 
18100013 
18100011 
18100010 
18100009 
18100008 
18100007 
18100004 
18100003 
18100002 
18100001 
18099047 
18099046 
18099045 
18099042 
18099041 
18099040 
18099038 
18099037 
18099036 
18099035 
18099034 
18099033 
18099032 
18099031 
18099030 
18099029 
18099028 
18099027 
18099026 
18099025 
18099024 
18099019 
18099018 
18099017 
18099016 
18099015 
18099014 
18099013 
18099012 
18099011 
18099010 
18099009 
18099008 
18099007 
18099006 
18099005 
18099004 
18099003 
18099002 
18098055 
18098054 
18098053 
18098052 
18098049 
18098048 
18098047 
18098046 
18098044 
18098043 
18098042 
18098041 
18098040 
18098039 
18098038 
18098037 
18098036 
18098035 
18098034 
18098033 
18098032 
18098031 
18098030 
18098029 
18098028 
18098027 
18098023 
18098022 
18098020 
18098019 
18098018 
18098017 
18098016 
18098015 
18098014 
18098013 
18098012 
18098011 
18098010 
18098009 
18098008 
18098007 
18098006 
18098005 
18098002 
18098001 
18097065 
18097064 
18097063 
18097060 
18097059 
18097058 
18097057 
18097056 
18097055 
18097054 
18097052 
18097051 
18097049 
18097047 
18097046 
18097044 
18097042 
18097041 
18097040 
18097039 
18097038 
18097037 
18097035 
18097033 
18097031 
18097028 
18097012 
18097011 
18097010 
18097009 
18097008 
18097007 
18097006 
18097005 
18097004 
18097003 
18097002 
18096015 
18096014 
18096013 
18096012 
18096011 
18096010 
18096009 
18096008 
18096007 
18096006 
18096005 
18096003 
18096002 
18096001 
18095058 
18095057 
18095056 
18095055 
18095054 
18095053 
18095052 
18095050 
18095049 
18095024 
18095023 
18095022 
18095020 
18095019 
18095018 
18095017 
18095016 
18095014 
18095013 
18095012 
18095011 
18095010 
18095009 
18095008 
18095007 
18095006 
18095005 
18095004 
18095003 
18095002 
18095001 
18094080 
18094079 
18094078 
18094077 
18094076 
18094075 
18094070 
18094069 
18094068 
18094067 
18094066 
18094065 
18094064 
18094062 
18094061 
18094060 
18094059 
18094058 
18094057 
18094056 
18094055 
18094054 
18094053 
18094052 
18094051 
18094050 
18094049 
18094048 
18094047 
18094046 
18094039 
18094038 
18094037 
18094036 
18094035 
18094034 
18094033 
18094032 
18094031 
18094030 
18094029 
18094028 
18094026 
18094022 
18094021 
18094020 
18094019 
18094018 
18094017 
18094016 
18094015 
18094014 
18094013 
18094012 
18094011 
18094010 
18094009 
18094008 
18094007 
18094006 
18094005 
18094004 
18094003 
18094002 
18093068 
18093067 
18093051 
18093050 
18093043 
18093042 
18093041 
18093040 
18093039 
18093038 
18093036 
18093035 
18093034 
18093033 
18093032 
18093031 
18093030 
18093029 
18093028 
18093027 
18093026 
18093025 
18093024 
18093023 
18093022 
18093017 
18093016 
18093015 
18093014 
18093013 
18093012 
18093011 
18093010 
18093008 
18093007 
18093006 
18093005 
18093003 
18093002 
18093001 
18092102 
18092101 
18092100 
18092099 
18092098 
18092093 
18092092 
18092091 
18092090 
18092089 
18092088 
18092087 
18092086 
18092085 
18092084 
18092079 
18092078 
18092077 
18092076 
18092074 
18092072 
18092071 
18092070 
18092069 
18092068 
18092067 
18092065 
18092064 
18092063 
18092062 
18092058 
18092057 
18092056 
18092055 
18092054 
18092053 
18092038 
18092037 
18092036 
18092035 
18092033 
18092032 
18092031 
18092030 
18092029 
18092028 
18092027 
18092026 
18092025 
18092024 
18092023 
18092022 
18092021 
18092020 
18092019 
18092018 
18092017 
18092016 
18092015 
18092014 
18092013 
18092008 
18092007 
18092006 
18092005 
18092004 
18092003 
18092002 
18092001 
18091059 
18091058 
18091057 
18091056 
18091055 
18091054 
18091053 
18091052 
18091051 
18091050 
18091049 
18091048 
18091047 
18091046 
18091045 
18091044 
18091040 
18091039 
18091038 
18091037 
18091035 
18091034 
18091033 
18091032 
18091031 
18091030 
18091029 
18091028 
18091027 
18091026 
18091025 
18091024 
18091019 
18091018 
18091017 
18091016 
18091015 
18091014 
18091013 
18091012 
18091011 
18091010 
18091009 
18091008 
18091007 
18091006 
18091005 
18091004 
18091003 
18091002 
18090073 
18090072 
18090071 
18090070 
18090066 
18090065 
18090064 
18090063 
18090062 
18090061 
18090060 
18090059 
18090058 
18090057 
18090056 
18090055 
18090047 
18090046 
18090045 
18090027 
18090026 
18090025 
18090024 
18090023 
18090022 
18090021 
18090020 
18090019 
18090018 
18090017 
18090014 
18090013 
18090012 
18090011 
18090010 
18090009 
18090008 
18090007 
18090006 
18090005 
18090004 
18090003 
18090001 
18089065 
18089064 
18089063 
18089062 
18089060 
18089059 
18089058 
18089057 
18089056 
18089055 
18089054 
18089047 
18089018 
18089017 
18089015 
18089014 
18089013 
18089012 
18089011 
18089010 
18089009 
18089008 
18089007 
18089006 
18089005 
18089004 
18088043 
18088042 
18088041 
18088040 
18088039 
18088038 
18088017 
18088016 
18088015 
18088014 
18088013 
18088012 
18088011 
18088010 
18088009 
18088008 
18088007 
18088006 
18088005 
18088004 
18088003 
18088002 
18087067 
18087066 
18087063 
18087062 
18087061 
18087060 
18087059 
18087058 
18087057 
18087056 
18087055 
18087054 
18087053 
18087052 
18087051 
18087050 
18087049 
18087048 
18087047 
18087046 
18087044 
18087043 
18087041 
18087040 
18087038 
18087037 
18087024 
18087023 
18087022 
18087021 
18087020 
18087019 
18087018 
18087017 
18087016 
18087015 
18087014 
18087013 
18087012 
18087011 
18087010 
18087009 
18087008 
18087007 
18087006 
18087004 
18087003 
18087002 
18086057 
18086054 
18086053 
18086052 
18086050 
18086041 
18086040 
18086038 
18086037 
18086036 
18086034 
18086033 
18086031 
18086030 
18086029 
18086028 
18086027 
18086026 
18086025 
18086024 
18086022 
18086021 
18086020 
18086019 
18086018 
18086017 
18086016 
18086015 
18086014 
18086012 
18086008 
18086007 
18086006 
18086005 
18086004 
18086003 
18086002 
18085061 
18085060 
18085059 
18085058 
18085057 
18085056 
18085055 
18085054 
18085053 
18085052 
18085051 
18085050 
18085049 
18085047 
18085046 
18085045 
18085044 
18085043 
18085042 
18085041 
18085040 
18085039 
18085038 
18085037 
18085036 
18085035 
18085034 
18085033 
18085026 
18085025 
18085024 
18085023 
18085022 
18085021 
18085020 
18085019 
18085018 
18085017 
18085016 
18085015 
18085014 
18085013 
18085012 
18085011 
18085010 
18085009 
18085008 
18085003 
18085002 
18085001 
18084062 
18084061 
18084059 
18084058 
18084056 
18084055 
18084054 
18084053 
18084052 
18084051 
18084050 
18084049 
18084048 
18084047 
18084046 
18084045 
18084042 
18084041 
18084040 
18084039 
18084038 
18084037 
18084036 
18084034 
18084033 
18084032 
18084031 
18084030 
18084029 
18084028 
18084027 
18084026 
18084025 
18084023 
18084022 
18084021 
18084020 
18084019 
18084014 
18084013 
18084012 
18084011 
18084010 
18084009 
18084008 
18084007 
18084006 
18084005 
18084004 
18084003 
18084002 
18083077 
18083076 
18083075 
18083074 
18083073 
18083072 
18083071 
18083070 
18083069 
18083067 
18083066 
18083065 
18083064 
18083063 
18083062 
18083061 
18083060 
18083059 
18083058 
18083057 
18083056 
18083054 
18083053 
18083052 
18083051 
18083050 
18083049 
18083048 
18083047 
18083046 
18083045 
18083043 
18083042 
18083041 
18083031 
18083030 
18083029 
18083026 
18083025 
18083024 
18083023 
18083022 
18083021 
18083020 
18083019 
18083018 
18083016 
18083015 
18083014 
18083013 
18083011 
18083010 
18083007 
18083006 
18083004 
18083003 
18083002 
18083001 
18082047 
18082046 
18082045 
18082044 
18082043 
18082042 
18082040 
18082039 
18082037 
18082035 
18082034 
18082033 
18082032 
18082027 
18082019 
18082018 
18082017 
18082016 
18082015 
18082014 
18082013 
18082012 
18082011 
18082010 
18082009 
18082008 
18082007 
18082006 
18082004 
18082003 
18082002 
18082001 
18081081 
18081080 
18081079 
18081078 
18081035 
18081034 
18081028 
18081027 
18081026 
18081025 
18081024 
18081022 
18081021 
18081019 
18081017 
18081016 
18081015 
18081014 
18081013 
18081012 
18081011 
18081009 
18081008 
18081007 
18081006 
18081005 
18081004 
18081003 
18080064 
18080063 
18080062 
18080061 
18080060 
18080059 
18080058 
18080057 
18080056 
18080055 
18080054 
18080053 
18080052 
18080051 
18080050 
18080049 
18080048 
18080047 
18080046 
18080040 
18080039 
18080038 
18080037 
18080036 
18080035 
18080034 
18080032 
18080031 
18080030 
18080029 
18080028 
18080027 
18080026 
18080025 
18080024 
18080023 
18080022 
18080021 
18080020 
18080017 
18080016 
18080015 
18080010 
18080009 
18080008 
18080007 
18080006 
18080004 
18080003 
18080002 
18080001 
18079062 
18079061 
18079060 
18079054 
18079053 
18079052 
18079051 
18079050 
18079049 
18079048 
18079047 
18079046 
18079045 
18079044 
18079043 
18079042 
18079041 
18079040 
18079039 
18079038 
18079037 
18079036 
18079035 
18079032 
18079031 
18079030 
18079016 
18079015 
18079013 
18079010 
18079009 
18079008 
18079007 
18079006 
18079005 
18079004 
18079003 
18079002 
18079001 
18078067 
18078066 
18078058 
18078057 
18078056 
18078055 
18078054 
18078053 
18078052 
18078051 
18078050 
18078049 
18078048 
18078047 
18078046 
18078045 
18078044 
18078043 
18078041 
18078034 
18078033 
18078032 
18078031 
18078030 
18078029 
18078028 
18078027 
18078026 
18078025 
18078024 
18078022 
18078021 
18078017 
18078016 
18078015 
18078014 
18078013 
18078012 
18078011 
18078010 
18078009 
18078008 
18078007 
18078004 
18078002 
18078001 
18077047 
18077046 
18077045 
18077044 
18077043 
18077042 
18077041 
18077040 
18077039 
18077038 
18077037 
18077036 
18077035 
18077034 
18077033 
18077032 
18077031 
18077025 
18077016 
18077014 
18077013 
18077012 
18077011 
18077010 
18077008 
18077007 
18077006 
18077005 
18077004 
18077003 
18077002 
18076079 
18076075 
18076074 
18076073 
18076072 
18076071 
18076070 
18076069 
18076068 
18076067 
18076066 
18076065 
18076064 
18076063 
18076062 
18076061 
18076060 
18076059 
18076058 
18076057 
18076056 
18076052 
18076035 
18076034 
18076033 
18076032 
18076031 
18076030 
18076029 
18076028 
18076027 
18076026 
18076025 
18076024 
18076023 
18076022 
18076021 
18076020 
18076019 
18076018 
18076017 
18076016 
18076015 
18076014 
18076013 
18076012 
18076011 
18076010 
18076009 
18076008 
18076007 
18076006 
18076002 
18076001 
18075094 
18075093 
18075092 
18075091 
18075090 
18075089 
18075088 
18075087 
18075086 
18075085 
18075084 
18075083 
18075082 
18075081 
18075079 
18075078 
18075020 
18075019 
18075018 
18075017 
18075016 
18075015 
18075014 
18075013 
18075012 
18075011 
18075010 
18075009 
18075008 
18075007 
18075004 
18075003 
18075002 
18075001 
18074060 
18074059 
18074055 
18074054 
18074053 
18074052 
18074051 
18074050 
18074032 
18074031 
18074030 
18074029 
18074028 
18074027 
18074026 
18074025 
18074024 
18074023 
18074021 
18074020 
18074019 
18074018 
18074016 
18074015 
18074014 
18074013 
18074012 
18074011 
18074007 
18074006 
18074005 
18074004 
18074003 
18074002 
18074001 
18073059 
18073058 
18073057 
18073056 
18073046 
18073045 
18073044 
18073043 
18073042 
18073041 
18073040 
18073039 
18073038 
18073037 
18073036 
18073035 
18073034 
18073033 
18073032 
18073031 
18073030 
18073029 
18073028 
18073026 
18073025 
18073024 
18073023 
18073022 
18073021 
18073020 
18072063 
18072062 
18072055 
18072054 
18072053 
18072051 
18072031 
18072030 
18072029 
18072028 
18072027 
18072026 
18072025 
18072024 
18072023 
18072022 
18072020 
18072019 
18072018 
18072017 
18072016 
18072010 
18072009 
18072007 
18072006 
18072005 
18072004 
18072003 
18072002 
18072001 
18071087 
18071086 
18071085 
18071084 
18071082 
18071081 
18071080 
18071079 
18071078 
18071077 
18071076 
18071075 
18071074 
18071057 
18071056 
18071055 
18071054 
18071053 
18071052 
18071051 
18071050 
18071049 
18071048 
18071047 
18071046 
18071042 
18071041 
18071040 
18071039 
18071036 
18071035 
18071034 
18071033 
18071032 
18071031 
18071029 
18071027 
18071026 
18071025 
18071024 
18071023 
18071022 
18071020 
18071019 
18071011 
18071010 
18071009 
18071008 
18071007 
18071006 
18071005 
18071004 
18071003 
18071002 
18071001 
18070082 
18070081 
18070080 
18070079 
18070077 
18070076 
18070075 
18070074 
18070073 
18070072 
18070068 
18070067 
18070066 
18070065 
18070064 
18070063 
18070062 
18070061 
18070060 
18070059 
18070058 
18070057 
18070056 
18070055 
18070054 
18070053 
18070052 
18070051 
18070050 
18070049 
18070048 
18070047 
18070046 
18070045 
18070044 
18070043 
18070042 
18070041 
18070040 
18070039 
18070038 
18070037 
18070036 
18070035 
18070034 
18070033 
18070032 
18070031 
18070030 
18070029 
18070028 
18070027 
18070026 
18070025 
18070007 
18070006 
18070005 
18070004 
18070002 
18070001 
18069073 
18069065 
18069064 
18069062 
18069061 
18069060 
18069059 
18069057 
18069056 
18069044 
18069043 
18069042 
18069041 
18069040 
18069039 
18069038 
18069037 
18069036 
18069035 
18069034 
18069033 
18069031 
18069030 
18069029 
18069028 
18069027 
18069023 
18069021 
18069020 
18069019 
18069013 
18069012 
18069007 
18069006 
18069005 
18069004 
18068121 
18068028 
18068027 
18068026 
18068020 
18068019 
18068016 
18068015 
18068014 
18068013 
18068012 
18068011 
18068009 
18068008 
18067097 
18067096 
18067095 
18067093 
18067092 
18067091 
18067090 
18067089 
18067088 
18067087 
18067086 
18067085 
18067084 
18067082 
18067081 
18067080 
18067079 
18067078 
18067077 
18067076 
18067075 
18067074 
18067073 
18067072 
18067071 
18067067 
18067029 
18067028 
18067026 
18067025 
18067024 
18067023 
18067022 
18067021 
18067019 
18067018 
18067017 
18067016 
18067014 
18067013 
18067012 
18067011 
18067010 
18067007 
18067006 
18067005 
18067004 
18067003 
18067002 
18067001 
18066055 
18066054 
18066053 
18066052 
18066049 
18066048 
18066047 
18066046 
18066045 
18066043 
18066040 
18066028 
18066024 
18066021 
18066020 
18066019 
18066017 
18066016 
18066013 
18066012 
18066011 
18066010 
18066009 
18066008 
18066007 
18066006 
18066005 
18066004 
18065083 
18065082 
18065081 
18065080 
18065079 
18065077 
18065076 
18065074 
18065072 
18065071 
18065070 
18065069 
18065068 
18065067 
18065062 
18065061 
18065060 
18065059 
18065058 
18065057 
18065056 
18065055 
18065054 
18065053 
18065052 
18065051 
18065050 
18065047 
18065046 
18065045 
18065044 
18065033 
18065032 
18065031 
18065030 
18065029 
18065020 
18065019 
18065015 
18065014 
18065013 
18065012 
18065011 
18065010 
18065009 
18065008 
18065005 
18064039 
18064038 
18064033 
18064030 
18064022 
18064020 
18064019 
18064018 
18064017 
18064015 
18064014 
18064010 
18064009 
18064008 
18064007 
18064006 
18064005 
18064004 
18063120 
18063119 
18063118 
18063117 
18063105 
18063104 
18063103 
18063101 
18063100 
18063099 
18063098 
18063097 
18063096 
18063095 
18063094 
18063093 
18063092 
18063089 
18063088 
18063087 
18063071 
18063070 
18063069 
18063068 
18063066 
18063065 
18063064 
18063063 
18063062 
18063061 
18063060 
18063059 
18063058 
18063057 
18063056 
18063055 
18063054 
18063053 
18063052 
18063051 
18063037 
18063036 
18063035 
18063034 
18063033 
18063032 
18063031 
18063030 
18063029 
18063027 
18063026 
18063025 
18063024 
18063023 
18063022 
18063019 
18063018 
18063017 
18063016 
18063015 
18063014 
18063012 
18063011 
18063010 
18063009 
18063008 
18063005 
18063004 
18062070 
18062069 
18062068 
18062065 
18062064 
18062061 
18062060 
18062056 
18062055 
18062054 
18062053 
18062052 
18062048 
18062047 
18062046 
18062045 
18062044 
18062043 
18062041 
18062040 
18062021 
18062018 
18062017 
18062016 
18062015 
18062014 
18062012 
18062011 
18062010 
18062009 
18062008 
18062007 
18062006 
18062005 
18062002 
18062001 
18061104 
18061102 
18061101 
18061100 
18061099 
18061098 
18061097 
18061094 
18061093 
18061092 
18061091 
18061090 
18061089 
18061088 
18061087 
18061084 
18061079 
18061078 
18061077 
18061076 
18061075 
18061074 
18061073 
18061072 
18061071 
18061058 
18061057 
18061056 
18061055 
18061053 
18061052 
18061051 
18061049 
18061048 
18061033 
18061032 
18061029 
18061028 
18061027 
18061026 
18061025 
18061024 
18061023 
18061022 
18061014 
18061013 
18061012 
18061008 
18061007 
18060120 
18060119 
18060118 
18060117 
18060116 
18060115 
18060114 
18060113 
18060112 
18060111 
18060110 
18060107 
18060106 
18060068 
18060067 
18060016 
18060015 
18060013 
18060012 
18060008 
18060007 
18060006 
18060003 
18060002 
18059078 
18059077 
18059072 
18059069 
18059068 
18059067 
18059066 
18059065 
18059064 
18059063 
18059062 
18059061 
18059056 
18059055 
18059054 
18059053 
18059051 
18059026 
18059024 
18059021 
18059018 
18059017 
18059016 
18059015 
18059013 
18059010 
18059009 
18059008 
18059006 
18058048 
18058047 
18058034 
18058033 
18058032 
18058031 
18058030 
18058029 
18058028 
18058027 
18058025 
18058018 
18058016 
18058015 
18058014 
18058013 
18058012 
18058011 
18058008 
18058007 
18057107 
18057106 
18057102 
18057101 
18057092 
18057091 
18057090 
18057089 
18057088 
18057087 
18057084 
18057083 
18057082 
18057081 
18057080 
18057079 
18057078 
18057077 
18057076 
18057075 
18057074 
18057072 
18057071 
18057061 
18057034 
18057033 
18057032 
18057031 
18057030 
18057029 
18057026 
18057025 
18057024 
18057023 
18057022 
18057021 
18057017 
18057016 
18057015 
18057014 
18057013 
18057012 
18056122 
18056117 
18056115 
18056111 
18056088 
18056087 
18056067 
18056066 
18056063 
18056062 
18056061 
18056060 
18056059 
18056058 
18056057 
18056056 
18056055 
18056050 
18056049 
18056048 
18056047 
18056046 
18056045 
18056044 
18056043 
18056042 
18056039 
18056038 
18056037 
18056036 
18056035 
18056034 
18056033 
18056032 
18056031 
18056030 
18056029 
18056028 
18056022 
18056021 
18056020 
18056019 
18056018 
18056017 
18056016 
18056015 
18056014 
18056013 
18056010 
18055115 
18055114 
18055106 
18055071 
18055070 
18055054 
18055052 
18055051 
18055050 
18055049 
18055048 
18055046 
18055043 
18055042 
18055041 
18055040 
18055039 
18055038 
18055034 
18055033 
18054071 
18054070 
18054046 
18054045 
18054044 
18054043 
18054042 
18054020 
18054019 
18054018 
18054017 
18054014 
18054013 
18054012 
18054011 
18054010 
18054009 
18054006 
18054005 
18054004 
18054003 
18053128 
18053124 
18053123 
18053122 
18053121 
18053120 
18053119 
18053118 
18053117 
18053113 
18053111 
18053110 
18053109 
18053108 
18053107 
18053106 
18053105 
18053104 
18053103 
18053102 
18053101 
18053100 
18053099 
18053098 
18053097 
18053096 
18053095 
18053094 
18053093 
