
2.29784	0.0102062	0	0	0	   	0	
2.79514	0.0112371	0	0	0		0	
3.14324	0.0246392	0	0	0.00463918	0.00463918	
3.39189	0.00608247	0	0	0		0	
3.78973	0.00814433	0	0	0		0	
4.31189	0.0143299	0	0	0.00463918	0.00463918	
5.00811	0.0205155	0	0	0.00515464	0.00515464	
6.10216	0.013299	0	0	0.00876289	0.00876289


2.2957	0.0127083	0	0	0.003125	0.003125	
2.81505	0.00645833	0	0	0		0	
3.16129	0.010625	0	0	0		0	
3.4086	0.0158333	0	0	0		0	
3.8043	0.0147917	0	0	0		0	
4.32366	0.010625	0	0	0		0	
4.9914	0.0116667	0	0	0		0	
6.1043	0.0127083	0	0	0.0046875	0.0046875


2.27297	0.00298969	0	0	0		0	
2.77027	0.00298969	0	0	0		0	
3.14324	-0.00113402	0	0	0		0	
3.39189	0.00402062	0	0	0		0	
3.78973	0.00917526	0	0	0		0	
4.31189	0.0071134	0	0	0		0	
5.00811	0.00608247	0	0	0		0	
6.10216	0.00608247	0	0	0		0


2.29784	-0.00263158	0	0	0		0	
2.79514	-0.00157895	0	0	0		0	
3.14324	-0.00263158	0	0	0.00526316	0.00526316	
3.39189	0.00368421	0	0	0		0	
3.81459	0.00368421	0	0	0		0	
4.28703	-0.00473684	0	0	0		0	
5.00811	0.00368421	0	0	0		0	
6.12703	0.00157895	0	0	0		0


2.27297	-0.00865169	0	0	0.011236	0.011236	
2.79514	0.00258427	0	0	0.00786517	0.00786517	
3.11838	0.000337079	0	0	0.00842697	0.00842697	
3.39189	0.000337079	0	0	0.00561798	0.00561798	
3.78973	0.00258427	0	0	0		0	
4.28703	-0.00191011	0	0	0		0	
5.03297	-0.00303371	0	0	0		0	
6.10216	-0.00752809	0	0	0		0	


2.45833	0.0447368	0	0	0.0126316	0.0126316	
2.84219	0.00894737	0	0	0.00631579	0.00631579	
3.15625	0.0215789	0	0	0.00684211	0.00684211	
3.43542	0.0215789	0	0	0.00578947	0.00578947	
3.74948	0.0142105	0	0	0.00421053	0.00421053	
4.23802	0.0215789	0	0	0.00684211	0.00684211	
4.97083	0.0289474	0	0	0.00789474	0.00789474	
6.29688	0.0205263	0	0	0.00894737	0.00894737	
8.11146	-0.00263158	0	0	0.0189474	0.0189474

2.42344	0.02		0	0	0.00625		0.00625	
2.80729	0.016875	0	0	0.00416667	0.00416667	
3.12135	0.0147917	0	0	0.0046875	0.0046875	
3.40052	0.01375		0	0	0.003125	0.003125	
3.74948	0.0189583	0	0	0		0	
4.23802	0.02625		0	0	0		0	
4.90104	0.0272917	0	0	0		0	
6.26198	0.0220833	0	0	0		0	
8.04167	0.0147917	0	0	0.00989583	0.00989583

2.45833	0.0158333	0	0	0.00833333	0.00833333	
2.84219	0.0147917	0	0	0.00520833	0.00520833	
3.15625	0.0075		0	0	0		0	
3.43542	0.0147917	0	0	0		0	
3.81927	0.00645833	0	0	0		0	
4.30781	0.00854167	0	0	0		0	
4.97083	0.01375		0	0	0		0	
6.29688	0.00125		0	0	0		0	
8.07656	0.00229167	0	0	0.0078125	0.0078125

2.45833	0.0304167	0	0	0.0161458	0.0161458	
2.87708	0.00854167	0	0	0.00677083	0.00677083	
3.19115	0.004375	0	0	0.00677083	0.00677083	
3.43542	0.00645833	0	0	0.0046875	0.0046875	
3.81927	-0.005		0	0	0.00260417	0.00260417	
4.30781	0.00125		0	0	0		0	
5.00573	0.00125		0	0	0		0	
6.33177	0.00333333	0	0	0		0	
8.07656	-0.0102083	0	0	0.0078125	0.0078125

2.426   -1.0		0	0	0		0
2.84219	0.0126966	0	0	0.0101124	0.0101124	
3.12135	0.00820225	0	0	0.0123596	0.0123596	
3.40052	0.00258427	0	0	0.00842697	0.00842697	
3.81927	0.00146067	0	0	0		0	
4.27292	-0.0108989	0	0	0.00617978	0.00617978	
4.97083	0.000337079	0	0	0		0	
6.29688	-0.00191011	0	0	0		0	
8.04167	0.017191	0	0	0.00786517	0.00786517

3.090	-1.0		0	0	0		0		
3.3375	0.0352632	0	0	0.0173684	0.0173684	
3.68646	0.0142105	0	0	0.00736842	0.00736842	
4.175	0.0310526	0	0	0.00736842	0.00736842	
4.76823	0.0257895	0	0	0.00736842	0.00736842	
6.23385	0.0152632	0	0	0.0152632	0.0152632	
8.67656	0.00263158	0	0	0.0205263	0.0205263	

3.12165	0.00505155	0	0	0.0231959	0.0231959	
3.32887	0.0308247	0	0	0.0108247	0.0108247	
3.7433	0.026701	0	0	0.0056701	0.0056701	
4.19227	0.0256701	0	0	0.00309278	0.00309278	
4.81392	0.0318557	0	0	0		0	
6.09175	0.0225773	0	0	0.00773196	0.00773196	
8.64742	0.00608247	0	0	0.0128866	0.0128866	

3.08711	0.00541667	0	0	0.021875	0.021875	
3.3634	0.00958333	0	0	0.0140625	0.0140625	
3.7433	0.004375	0	0	0.00729167	0.00729167	
4.19227	0.00958333	0	0	0.00416667	0.00416667	
4.91753	0.01375		0	0	0.00416667	0.00416667	
6.12629	0.0147917	0	0	0.0046875	0.0046875	
8.61289	-0.00604167	0	0	0.0104167	0.0104167	

3.05544	-0.001875	0	0	0.003125	0.003125	
3.33316	-0.014375	0	0	0.0140625	0.0140625	
3.74974	-0.0102083	0	0	0.00572917	0.00572917	
4.20104	0.00125		0	0	0.00364583	0.00364583	
4.93005	0.00541667	0	0	0		0	
6.14508	0.004375	0	0	0.00416667	0.00416667	
8.64456	0.00229167	0	0	0.009375	0.009375	

3.090   -1.0            0	0	0		0		
3.3375	0.0295506	0	0	0.0224719	0.0224719	
3.75625	-0.000786517	0	0	0.0101124	0.0101124
4.179    0.00200        0       0       0.007           0.07	
5.0125	-0.00191011	0	0	0.00617978	0.00617978	
6.23385	-0.00752809	0	0	0		0	
8.67656	-0.00303371	0	0	0.00842697	0.00842697	

