20512   255     1487656902  1487658226   61.97    2.95   -0.18    0.40       64.06    3.30   -0.30    0.38
20519   255     1487734097  1487776187   53.80    2.28   -0.68    0.28       54.13    3.62   -0.30    0.38
20522   255     1487807184  1487862390   62.81    1.68   -0.29    0.14       54.75    1.76   -0.41    0.14
20532   255     1487906101  1487951885   63.73    2.04   -0.23    0.19       55.63    1.69   -0.42    0.16
20534   255     1487979819  1487980073   60.31    2.62   -0.18    0.40       0	      0	      0	      0	     
20537   255     1487990883  1488014738   63.53    2.01   -0.52    0.36       59.57    1.77   -1.18    0.30
20539   255     1488020930  1488049576   67.75    2.52   -1.16    0.42       56.01    1.86   -0.86    0.33
20545   255     1488075450  1488098424   56.97    2.36   -0.36    0.40       60.97    1.87   -0.71    0.31
20546   255     1488101648  1488124779   58.73    2.65    0.26    0.44       58.45    1.94   -0.77    0.30
20548   255     1488134251  1488156898   63.48    2.33   -0.35    0.42       56.22    1.84   -0.33    0.31
20550   255     1488164574  1488172650   58.97    2.90   -0.18    0.40       55.62    2.31   -0.30    0.38
20552   255     1488181218  1488207779   63.06    2.55   -0.38    0.35       60.64    1.79   -0.97    0.25
20562   255     1488273661  1488295737   63.95    2.02   -0.94    0.43       57.50    1.45   -1.45    0.30
20563   255     1488307399  1488316219   59.24    2.21    0.67    1.09       56.79    2.00   -0.78    0.87
20564   255     1488325518  1488354127   56.14    1.78   -0.03    0.25       55.51    1.50    0.36    0.20
20566   255     1488361128  1488369323   62.65    2.27   -3.55    1.01       57.55    2.48   -1.58    1.29
20568   255     1488419356  1488442540   55.43    1.94   -0.96    0.37       58.90    2.32   -0.71    0.53
20569   255     1488448037  1488462129   58.41    2.23   -0.72    0.86       54.58    2.74    0.26    0.82
20570   255     1488466372  1488489092   60.03    2.28   -0.49    0.42       54.39    2.24   -0.19    0.41
20571   255     1488492995  1488520345   52.03    2.01   -0.34    0.32       54.97    2.51   -0.19    0.33
20573   255     1488527424  1488550843   61.23    2.09   -0.96    0.39       43.81    3.13    0.08    0.62
20575   255     1488580602  1488603316   54.68    2.42   -0.25    0.46       55.86    2.19   -0.71    0.40
20576   255     1488607130  1488628873   57.22    2.12   -0.49    0.42       58.45    1.98   -0.47    0.37
20577   255     1488632538  1488654448   56.19    2.18    0.22    0.42       55.85    2.03    0.18    0.41
20578   255     1488666633  1488688919   50.80    2.34    1.17    0.47       57.07    2.26   -0.67    0.42
20581   255     1488712560  1488732183   54.19    2.10   -0.15    0.49       60.47    2.24   -0.66    0.48
20584   255     1488789606  1488811784   52.54    1.99    0.13    0.40       55.13    2.27   -0.02    0.72
20585   255     1488824482  1488835987   57.76    2.48   -0.18    0.90       57.05    3.59   -0.30    0.38
20586   255     1488841537  1488864799   56.76    2.27   -0.46    0.46       56.23    2.14   -0.10    0.41
20588   255     1488879046  1488901850   55.00    2.57   -0.45    0.50       59.14    2.62   -1.09    0.45
20591   255     1488918797  1488929865   58.76    3.32   -0.18    0.40       50.36    2.65   -0.30    0.38
20592   255     1488941766  1488985698   63.81    2.06   -0.13    0.20       58.70    2.16   -0.22    0.19
20593   255     1489000574  1489002553   50.70    2.91   -0.18    0.40       56.38    2.93   -0.30    0.38
20594   255     1489007862  1489037575   51.85    2.48    0.10    0.36       53.32    1.92   -0.27    0.29
20595   255     1489042316  1489061826   58.21    2.47   -0.32    0.63       59.22    2.79   -0.89    0.69
20598   255     1489125297  1489128365   53.10    4.62   -0.18    0.40       62.13    2.16   -0.30    0.38
20599   255     1489132776  1489134545   61.62    3.43   -0.18    0.40       61.81    3.38   -0.30    0.38
20602   255     1489147692  1489172302   53.81    2.84   -0.39    0.50       62.89    2.04   -0.57    0.34
20604   255     1489196211  1489221531   54.47    1.72    0.68    0.36       62.95    2.37   -0.30    0.30
20606   255     1489242810  1489271845   54.20    2.47    0.19    0.39       64.35    2.43   -0.60    0.32
20607   255     1489277366  1489306709   65.29    2.15   -0.00    0.29       66.12    2.36   -0.40    0.32
20611   255     1489323515  1489352422   61.94    2.33   -0.71    0.29       65.52    2.14   -0.35    0.28
20612   255     1489358314  1489387582   64.15    2.31   -0.01    0.30       56.80    2.19    0.20    0.30
20613   255     1489390774  1489411840   63.38    2.72   -0.49    0.53       58.50    2.06    0.07    0.43
20617   255     1489436446  1489446329   63.55    3.03   -0.18    0.40       60.44    2.47   -0.30    0.38
20624   255     1489506715  1489531873   62.71    2.49   -0.23    0.37       63.56    2.31   -0.07    0.36
20627   255     1489543670  1489562825   64.87    2.35   -0.01    0.49       67.77    2.51   -0.73    0.54
20628   255     1489566728  1489596862   59.93    2.51   -0.15    0.35       61.19    1.94   -0.41    0.29
20632   255     1489624762  1489643777   53.20    2.43    0.03    0.52       55.07    2.40    0.35    0.51
20633   255     1489647529  1489666526   65.62    2.04   -0.37    0.44       64.98    2.38   -1.60    0.52
20636   255     1489697269  1489726488   63.27    2.37    0.18    0.32       60.71    2.25   -0.58    0.33
20637   255     1489730483  1489760452   60.04    2.32   -0.16    0.33       55.22    2.06    0.18    0.31
20639   255     1489779171  1489808716   55.64    2.01    0.09    0.30       58.46    1.95    0.25    0.30
20640   255     1489814249  1489822243   63.19    3.19   -0.18    0.40       61.99    3.50   -0.30    0.38
20642   255     1489830150  1489838284   63.36    2.86   -0.18    0.40       62.94    3.34   -0.30    0.38
20643   255     1489844449  1489848087   61.42    3.13   -0.18    0.40       59.64    3.45   -0.30    0.38
20644   255     1489871758  1489901309   58.77    2.04   -0.49    0.30       59.16    2.12   -0.39    0.32
20645   255     1489905292  1489934715   62.75    2.10   -0.06    0.32       61.77    2.20   -0.43    0.34
20646   255     1489937789  1489939419   60.81    2.88   -0.18    0.40       0	      0	      0       0
20647   255     1489942489  1489972408   60.77    2.01    0.16    0.30       57.66    2.00   -0.32    0.31
20648   255     1489975632  1489976082   56.27    3.33   -0.18    0.40       59.31    3.13   -0.30    0.38
20649   255     1489979248  1490008879   61.04    2.00   -0.04    0.31       60.71    2.13    0.03    0.34
20651   255     1490015428  1490021405   60.94    2.30   -1.12    1.62       59.00    2.26    0.75    1.67
20652   255     1490026964  1490056130   59.86    1.92   -0.40    0.29       59.57    1.99    0.07    0.31
20654   255     1490065131  1490095283   65.12    2.19    0.21    0.32       61.59    2.11   -0.23    0.31
20655   255     1490100274  1490129286   57.84    2.18   -0.36    0.42       57.28    2.02   -0.41    0.32
20656   255     1490133729  1490156495   65.51    2.42   -0.21    0.38       55.35    2.38   -0.67    0.44
20657   255     1490159644  1490183501   59.16    2.17    0.16    0.39       58.56    2.34   -0.38    0.44
20662   255     1490235948  1490270102   65.90    2.75   -0.16    0.34       62.11    2.24   -0.45    0.28
20666   255     1490308748  1490338269   54.50    1.78    0.29    0.26       54.31    2.04    0.23    0.30
20667   255     1490342087  1490376573   58.25    1.90   -0.06    0.26       58.94    2.12   -0.13    0.30
20668   255     1490386346  1490415830   63.77    2.18   -0.93    0.29       53.62    2.14    0.07    0.32
20669   255     1490419511  1490440283   57.90    2.47    0.27    0.43       59.79    2.58   -0.53    0.47
20670   255     1490444136  1490477639   60.07    1.90   -0.17    0.22       57.80    2.83   -0.61    0.32
20671   255     1490481496  1490505906   58.79    1.73    0.02    0.28       57.91    2.19   -0.41    0.37
20673   255     1490513309  1490513652   58.66    2.70   -0.18    0.40       58.42    2.66   -0.30    0.38
20674   255     1490517374  1490548440   57.56    2.11    0.07    0.26       62.37    2.24   -0.41    0.29
20675   255     1490552617  1490586613   55.72    1.77   -0.03    0.22       57.63    2.24   -0.21    0.29
20680   255     1490602403  1490615028   64.14    3.77   -1.35    1.20       56.72    2.82    0.09    0.85
20681   255     1490619599  1490649032   56.02    1.73    0.01    0.25       55.41    2.12   -0.24    0.32
20682   255     1490652775  1490658263   56.96    2.40   -0.18    0.40       57.29    2.58   -0.30    0.38
20684   255     1490677499  1490708594   60.69    2.29   -0.48    0.29       58.45    2.17   -0.06    0.29
20687   255     1490722385  1490751574   57.22    1.96   -0.13    0.27       57.89    1.89   -0.12    0.28
20688   255     1490756193  1490789652   59.33    2.54   -0.12    0.31       56.46    2.35   -0.56    0.32
20692   255     1490827820  1490837666   58.59    2.45   -0.18    0.40       59.44    2.35   -0.30    0.38
20695   255     1490853574  1490875012   55.95    2.69   -0.26    0.44       57.39    3.38   -0.38    0.55
20697   255     1490922223  1490950724   61.28    2.13   -0.22    0.32       60.43    2.41    0.18    0.34
20698   255     1490954454  1490967525   59.38    3.00    1.67    0.83       68.45    3.60   -0.52    0.90
20699   255     1490973238  1490978251   58.87    3.00   -1.10    1.96       61.05    3.47   -0.87    2.08
20701   255     1490991196  1491019854   63.77    2.46   -0.40    0.34       61.15    2.43   -0.57    0.33
20702   255     1491023344  1491052774   56.81    2.43    0.44    0.34       65.09    2.86   -0.00    0.38
20703   255     1491056252  1491077375   67.30    3.64   -0.63    0.64       66.58    3.82    0.34    0.71
20704   255     1491082888  1491111786   64.94    2.58    0.06    0.36       63.98    2.88   -0.39    0.39
20705   255     1491115629  1491145325   58.96    2.25    0.21    0.33       60.10    2.69   -0.14    0.38
20706   255     1491152526  1491183231   59.31    2.24   -0.12    0.30       57.84    2.61    0.21    0.34
20707   255     1491186413  1491215360   62.38    2.30    0.05    0.33       57.12    2.42   -0.01    0.33
20708   255     1491219097  1491245444   56.75    2.69    0.26    0.37       65.52    2.58   -0.18    0.34
20709   255     1491253637  1491255748   62.74    2.70   -0.18    0.40       59.16    2.39   -0.30    0.38
20710   255     1491264816  1491265975   60.62    2.65   -0.18    0.40       61.08    2.75   -0.30    0.38
20712   255     1491279810  1491299208   61.95    2.91   -1.08    0.83       61.58    3.45    0.41    0.97
20713   255     1491303590  1491313944   59.27    2.74   -0.18    0.40       51.31    3.57   -0.30    0.38
20714   255     1491321838  1491352825   66.55    2.74   -0.36    0.56       60.95    2.42   -0.54    0.43
20715   255     1491356844  1491393521   60.17    2.11   -0.23    0.25       60.55    2.11   -0.39    0.23
20718   255     1491436554  1491438869   57.26    2.75   -0.18    0.40       56.67    2.39   -0.30    0.38
20719   255     1491442716  1491456996   66.66    3.81   -2.01    0.89       59.27    2.81   -1.27    0.77
20720   255     1491460660  1491480452   66.77    2.35   -0.36    0.42       59.85    2.78   -0.39    0.47
20728   255     1491541968  1491552348   63.35    3.17    0.13    0.95       66.78    3.81   -1.44    1.04
20732   255     1491591692  1491592376   55.52    2.61   -0.18    0.40       57.10    2.50   -0.30    0.38
20733   255     1491597213  1491626649   59.32    2.24    0.38    0.31       62.82    2.19   -0.06    0.31
20734   255     1491630512  1491659788   64.04    2.41   -0.39    0.33       59.41    2.12    0.03    0.29
20735   255     1491666748  1491696699   62.00    2.39   -0.46    0.31       59.23    3.22   -0.51    0.50
20736   255     1491700034  1491711235   54.42    2.79    1.34    1.16       58.97    3.40   -1.13    1.13
20737   255     1491716790  1491746191   58.41    2.40   -0.38    0.33       56.33    1.96   -0.46    0.24
20738   255     1491750784  1491780273   59.67    2.59   -0.26    0.33       60.14    1.95    0.17    0.22
20739   255     1491783825  1491788057   59.09    2.61   -0.18    0.40       58.32    2.38   -0.30    0.38
20740   255     1491791912  1491821578   60.39    2.45   -0.11    0.34       60.19    1.90   -0.10    0.25
20741   255     1491825597  1491840037   60.73    4.47    0.74    0.85       57.25    2.60    0.13    0.63
20743   255     1491848036  1491877780   60.85    2.49   -0.41    0.33       59.55    2.15   -0.17    0.23
20745   255     1491884682  1491903325   64.30    2.95   -1.30    0.57       57.60    1.76   -0.09    0.32
20746   255     1491910651  1491924549   62.35    6.24    0.29    0.99       57.99    7.38    0.60    0.66
20747   255     1491930311  1491960372   59.02    2.61   -0.04    0.35       59.85    1.99    0.05    0.24
20748   255     1491965746  1492003246   57.20    2.52    0.09    0.28       59.35    1.76   -0.09    0.20
20751   255     1492052358  1492063855   60.20    3.14   -0.50    1.09       56.56    1.75   -0.21    0.53
20752   255     1492068244  1492084972   64.02    4.37   -0.91    0.83       55.05    2.45    0.15    0.42
20754   255     1492121030  1492121865   53.48    2.80   -0.18    0.40       58.06    2.50   -0.30    0.38
20756   255     1492131038  1492150741   59.78    3.17   -0.98    0.67       56.09    1.90    0.82    0.34
20757   255     1492154968  1492191549   59.68    3.37   -0.77    0.55       56.84    2.06   -0.08    0.30
20758   255     1492199965  1492232543   58.20    2.29    0.27    0.38       55.06    1.72   -0.25    0.21
20759   255     1492236419  1492266556   54.87    2.78   -0.21    0.38       57.85    1.75   -0.10    0.23
20760   255     1492271240  1492301305   56.66    2.28   -0.41    0.32       60.96    1.90   -0.13    0.24
20762   255     1492316076  1492327629   57.83    3.12   -0.18    0.40       59.54    2.35   -0.30    0.38
20764   255     1492336311  1492345342   60.36    3.08   -0.18    0.40       60.52    2.59   -0.30    0.38
20765   255     1492349802  1492384018   62.49    2.49   -0.70    0.31       61.27    2.34   -0.64    0.23
20766   255     1492388200  1492400832   58.82    4.38   -0.62    1.18       65.14    4.10   -0.38    0.82
20767   255     1492405088  1492419219   66.92    4.06   -2.04    1.02       65.11    2.87    0.21    0.73
20768   255     1492424072  1492448364   62.95    2.69   -0.91    0.45       64.86    2.36    0.34    0.36
20770   255     1492487068  1492518067   59.23    2.17   -0.09    0.32       65.89    2.23   -0.40    0.25
20771   255     1492522285  1492534948   56.77    2.48   -0.18    0.40       65.32    2.77   -0.30    0.38
20772   255     1492541345  1492561816   63.48    2.74   -0.80    0.55       66.78    2.71   -0.05    0.50
20773   255     1492571259  1492600961   59.50    2.34   -0.22    0.33       64.45    2.55   -0.58    0.33
20777   255     1492651382  1492664384   59.19    2.70   -0.18    0.40       67.07    2.75   -0.30    0.38
20778   255     1492674042  1492689602   59.35    3.27    0.61    0.80       65.07    2.71   -0.62    0.58
20780   255     1492753676  1492782800   64.22    3.14   -0.68    0.48       65.23    2.40   -0.54    0.32
20781   255     1492788365  1492815181   59.15    3.26    0.65    0.64       68.57    2.58   -0.09    0.41
20782   255     1492819581  1492825078   59.50    2.63   -0.18    0.40       62.87    2.65   -0.30    0.38
20783   255     1492829475  1492855127   57.88    2.98   -0.32    0.51       67.94    2.28    0.07    0.37
20785   255     1492866881  1492868365   56.77    2.59   -0.18    0.40       64.69    2.69   -0.30    0.38
20787   255     1492880701  1492910221   61.23    2.37   -0.29    0.34       64.97    2.33   -0.18    0.32
20788   255     1492913879  1492943245   59.59    2.28   -0.14    0.33       62.89    2.20   -0.03    0.31
20789   255     1492946858  1492975988   56.60    2.12   -0.16    0.32       61.30    2.13   -0.11    0.32
20790   255     1492983001  1493012154   57.95    2.27    0.00    0.33       61.83    2.22   -0.26    0.31
20791   255     1493019171  1493034407   54.66    2.99    0.48    1.08       56.31    3.37    0.04    1.15
20799   255     1493073828  1493103100   65.80    2.33   -0.39    0.33       67.57    2.48   -0.19    0.34
20800   255     1493107304  1493136556   55.49    2.71   -0.09    0.44       60.64    2.62   -0.02    0.42
20802   255     1493148472  1493152732   0        0       0       0          57.25    3.72   -0.30    0.38
20803   255     1493157653  1493160629   58.32    2.63   -0.18    0.40       50.56    2.75   -0.30    0.38
20804   255     1493164256  1493164999   54.41    2.57   -0.18    0.40       57.22    2.72   -0.30    0.38
20805   255     1493169733  1493172865   56.24    2.61   -0.18    0.40       59.72    2.73   -0.30    0.38
20806   255     1493177156  1493177543   60.09    2.88   -0.18    0.40       65.21    3.30   -0.30    0.38
20807   255     1493184587  1493194484   56.49    2.56   -0.18    0.40       54.83    2.51   -0.30    0.38
20809   255     1493245007  1493250611   58.80    3.03    0.60    1.81       65.56    3.82   -2.91    1.97
20810   255     1493256196  1493279254   58.76    2.43   -0.23    0.44       58.41    2.54   -0.34    0.44
20811   255     1493293745  1493305613   58.69    2.92    0.21    0.87       60.46    3.46    0.30    1.01
20814   255     1493342343  1493370397   56.22    2.11    0.10    0.33       56.94    2.40   -0.49    0.34
20815   255     1493377301  1493398584   61.68    1.90   -0.30    0.41       60.40    1.97   -0.06    0.40
20816   255     1493418963  1493423896   50.37    2.50   -0.18    0.40       61.67    2.54   -0.30    0.38
20817   255     1493435089  1493437854   55.86    2.47   -0.18    0.40       64.04    2.75   -0.30    0.38
20818   255     1493441590  1493444721   54.61    2.37   -0.18    0.40       59.28    2.69   -0.30    0.38
20821   255     1493464341  1493483721   56.51    2.79    1.23    0.65       64.08    3.34   -0.91    0.70
20823   255     1493502688  1493510364   55.18    2.47   -0.18    0.40       55.88    2.48   -0.30    0.38
20825   255     1493520795  1493550952   56.59    2.13   -0.28    0.29       65.22    2.26   -0.25    0.29
20826   255     1493554755  1493555691   0        0       0       0          63.73    2.68   -0.30    0.38
20827   255     1493559253  1493599659   58.95    2.03    0.12    0.23       64.01    2.24   -0.11    0.24
20828   255     1493604717  1493641391   59.60    2.01   -0.19    0.26       58.94    2.37   -0.10    0.29
20835   255     1493717489  1493746751   63.24    2.14   -0.35    0.32       61.80    2.28    0.20    0.33
20840   255     1493777332  1493779907   55.18    2.58   -0.18    0.40       65.79    2.97   -0.30    0.38
20841   255     1493784684  1493813013   56.86    1.97   -0.08    0.30       70.39    2.26   -1.05    0.31
20844   255     1493872142  1493876482   55.00    2.47   -0.18    0.40       61.72    2.75   -0.30    0.38
20845   255     1493881827  1493899900   56.24    2.67   -0.23    0.53       58.44    2.70    0.48    0.57
20852   255     1493968928  1493998519   57.82    2.31    0.25    0.31       61.28    2.45   -0.30    0.36
20854   255     1494019501  1494048693   56.48    2.07   -0.05    0.30       63.89    2.40   -0.69    0.34
20855   255     1494052761  1494053399   56.98    2.56   -0.18    0.40       60.94    2.74   -0.30    0.38
20856   255     1494133635  1494140829   59.35    2.60   -0.18    0.40       63.23    2.77   -0.30    0.38
20857   255     1494151194  1494174571   56.62    2.45    0.68    0.41       64.13    2.43   -0.60    0.40
20859   255     1494186278  1494192354   57.25    2.58   -0.18    0.40       61.32    2.65   -0.30    0.38
20860   255     1494200330  1494236875   59.59    2.09   -0.47    0.23       64.40    2.07   -0.23    0.23
20861   255     1494240903  1494274404   58.80    2.26    0.22    0.31       61.92    2.22    0.26    0.31
20862   255     1494283337  1494302809   61.20    2.65    0.76    0.82       63.21    3.42    0.01    0.84
20863   255     1494306581  1494330175   60.32    2.36    0.04    0.44       62.18    2.52   -0.21    0.42
20864   255     1494336926  1494366419   60.02    2.08    0.28    0.31       58.82    2.41   -0.65    0.31
20865   255     1494371298  1494409482   56.49    1.96    0.23    0.24       59.46    2.31   -0.04    0.25
20866   255     1494414411  1494447097   61.38    2.28   -0.62    0.34       64.36    2.17   -0.29    0.31
20867   255     1494453340  1494482763   58.51    2.26    0.07    0.33       62.12    2.17   -1.08    0.28
20868   255     1494486084  1494510431   55.64    2.47    0.79    0.43       60.91    2.67   -0.56    0.41
20870   255     1494536977  1494547594   56.70    2.51   -0.18    0.40       63.05    3.22   -0.30    0.38
20873   255     1494587245  1494599676   61.43    3.65   -0.82    0.87       65.46    3.43   -0.43    0.79
20874   255     1494605543  1494624174   59.38    2.84    0.14    0.77       64.79    2.75    0.85    0.71
20876   255     1494638433  1494668236   60.41    2.14   -0.58    0.30       63.47    2.19   -0.33    0.29
20879   255     1494699186  1494728677   56.66    2.15   -0.28    0.33       64.23    2.38    0.01    0.32
20880   255     1494733149  1494753527   61.41    3.21   -0.55    0.59       64.83    3.51   -0.77    0.57
20884   255     1494786654  1494815888   52.35    2.46   -0.55    0.35       56.58    2.27   -0.57    0.30
20885   255     1494819477  1494842263   54.18    2.50    0.11    0.46       62.12    2.79   -0.50    0.45
20886   255     1494845684  1494873240   59.52    2.82   -0.66    0.40       61.43    2.67   -0.50    0.35
20887   255     1494884119  1494913642   63.77    2.31   -0.58    0.33       55.25    5.25    0.69    0.82
20888   255     1494917542  1494946640   57.22    2.16    0.61    0.36       60.73    2.81    0.06    0.41
20889   255     1494951578  1494981972   57.94    2.28    0.10    0.37       63.45    2.22   -0.47    0.25
20890   255     1494989931  1495021544   52.96    2.15   -0.54    0.30       64.18    1.96    0.37    0.27
20894   255     1495095421  1495116653   60.68    2.34    0.16    0.48       66.11    2.78   -1.44    0.46
20896   255     1495133264  1495151508   60.74    2.56   -0.02    0.64       59.15    2.11    0.59    0.45
20897   255     1495159424  1495196289   54.69    2.07   -0.03    0.27       63.84    1.86   -0.20    0.22
20898   255     1495200931  1495223532   62.48    2.50   -0.70    0.48       63.29    2.46    0.26    0.45
20900   255     1495239198  1495277300   58.51    2.08    0.03    0.24       64.36    2.77   -0.39    0.25
20901   255     1495281597  1495318331   59.42    1.99    0.01    0.26       65.64    2.16   -0.40    0.26
20902   255     1495321853  1495364734   60.12    1.81   -0.27    0.20       65.57    2.02   -0.57    0.20
20903   255     1495368991  1495406268   61.42    2.71   -0.48    0.34       59.58    2.19   -0.17    0.26
20904   255     1495411114  1495431610   61.60    2.92   -1.84    1.11       57.04    2.99    1.59    0.85
20906   255     1495440370  1495478514   60.97    2.59   -0.63    0.27       62.99    2.27    0.01    0.25
20907   255     1495486480  1495528509   57.81    2.29    0.33    0.25       64.89    1.71   -0.30    0.22
20910   255     1495554301  1495588378   61.40    2.55   -0.28    0.29       66.17    2.30   -0.44    0.27
20911   255     1495592700  1495625246   56.42    1.84    0.27    0.24       59.26    2.45   -0.34    0.32
20919   255     1495749278  1495752583   58.19    2.87   -0.18    0.40       64.04    2.79   -0.30    0.38
20920   255     1495773450  1495794453   61.67    2.33   -0.52    0.40       60.50    2.47   -0.41    0.45
20924   255     1495809699  1495839040   59.20    2.85   -0.05    0.42       59.37    2.26   -0.36    0.31
20925   255     1495842916  1495879837   57.46    1.94   -0.08    0.21       62.44    2.34   -0.52    0.27
20926   255     1495883549  1495893601   59.45    2.43   -0.18    0.40       59.59    2.66   -0.30    0.38
20927   255     1495905604  1495935088   63.84    2.48   -0.19    0.30       61.05    2.19   -0.68    0.29
20928   255     1495940983  1495976448   58.56    2.45    0.30    0.30       62.72    1.92   -0.56    0.23
20929   255     1495979931  1496009352   58.71    2.15   -0.13    0.29       61.52    2.53   -0.37    0.32
20930   255     1496012498  1496045223   57.45    2.70   -0.19    0.33       59.89    2.17   -0.08    0.28
20931   255     1496048950  1496070337   58.54    2.51    0.04    0.47       58.42    2.50   -0.47    0.44
20932   255     1496075101  1496096582   63.11    2.61    0.40    0.46       60.97    2.47   -0.09    0.44
20933   255     1496101246  1496119187   59.45    2.53    0.01    0.60       54.01    2.86    0.27    0.65
21131   255     1498213057  1498227620   59.84    3.36    0.08    0.81       57.96    5.34   -0.09    1.24
21135   255     1498261534  1498261898   61.55    3.57   -0.18    0.40       60.18    3.52   -0.30    0.38
21136   255     1498266709  1498267093   61.84    2.79   -0.18    0.40       62.97    5.46   -0.30    0.38
21137   255     1498271291  1498276825   61.82    2.99   -0.18    0.40       59.66    3.07   -0.30    0.38
21140   255     1498303914  1498304908   58.79    2.47   -0.18    0.40       56.81    2.84   -0.30    0.38
21142   255     1498318372  1498330606   54.37    2.55   -0.18    0.40       54.42    2.69   -0.30    0.38
21145   255     1498393109  1498416424   60.31    3.19    0.09    0.40       59.98    3.40    0.19    0.51
21148   255     1498439553  1498462625   60.95    2.44   -0.30    0.42       65.20    2.53   -0.77    0.44
21149   255     1498468331  1498513471   63.57    2.35   -0.39    0.23       54.34    2.74    0.07    0.28
21150   255     1498520813  1498565074   63.79    1.89   -0.36    0.18       64.73    1.79   -0.29    0.18
