18603   100     1422961593  1422961954   64.75    6.01   -1.03    0.47        0         0        0       0       
18604   100     1422963987  1422965269   53.19    3.68   -1.03    0.47        0         0        0       0
18611   100     1423043331  1423043820   69.17   10.10   -1.03    0.47        0         0        0       0
18641   100     1423327706  1423337141   67.24    2.85   -1.03    0.47       70.77    2.50   -0.52    0.32
18644   100     1423353507  1423366485   66.62    4.20   -4.12    1.79       76.70    4.36    1.59    1.84
18647   100     1423384379  1423409491   62.18    3.79   -1.11    0.95       83.24    3.64   -0.79    0.98
18658   100     1423460246  1423500144   71.55    2.93   -0.76    0.37       77.20    3.52   -0.32    0.42
18660   100     1423536124  1423538705   68.88    4.02   -1.03    0.47       71.78    4.32   -0.52    0.32
18661   100     1423543115  1423584755   60.27    1.95   -0.79    0.29       72.59    2.95   -0.28    0.28
18662   100     1423589692  1423608955   65.37    2.15   -0.50    0.58       77.91    2.78   -1.47    0.93
18663   100     1423613907  1423637523   70.34    2.38    0.10    0.51       69.32    2.98   -0.66    0.53
18664   100     1423641747  1423660038   70.61    1.54   -0.45    0.29       73.74    2.26   -0.26    0.46
18666   100     1423684593  1423706333   71.67    2.41   -0.87    0.53       78.39    2.89   -1.18    0.74
18667   100     1423710973  1423758652   66.37    1.64   -0.27    0.15       70.68    1.91   -0.31    0.19
18669   100     1423776533  1423806924   71.86    2.45   -0.91    0.29       66.57    2.63    0.02    0.30
18672   100     1423820556  1423859218   68.29    2.17   -0.96    0.54       70.93    2.34    0.34    0.70
18673   100     1423871836  1423901279   65.89    1.84   -0.85    0.27       76.40    2.19   -0.75    0.32
18674   100     1423909995  1423935284   62.66    1.84   -1.11    0.49       70.24    2.19   -1.77    0.54
18675   100     1423941862  1423971156   69.78    1.63   -0.40    0.25       69.72    2.16   -0.94    0.31
18676   100     1423975993  1424009854   66.40    1.55   -0.83    0.20       74.74    2.12   -0.82    0.25
18677   100     1424014555  1424057265   65.80    2.13   -0.12    0.28       62.76    1.69   -0.18    0.19
18678   100     1424065522  1424070630   64.44    3.03   -1.03    0.47       71.10    2.70   -0.52    0.32
18683   100     1424127113  1424160828   56.05    5.73    0.78    0.73       66.62    2.24   -0.19    0.31
18684   100     1424166291  1424197058   63.11    3.23   -1.16    0.51       69.71    2.44   -1.15    0.38
18686   100     1424214795  1424238218   65.43    3.31   -1.51    0.63       65.24    2.29   -0.17    0.43
18687   100     1424242752  1424262483   67.24    3.22   -1.34    0.69       64.56    2.32   -0.31    0.51
18689   100     1424342451  1424348998   65.21    3.21   -1.03    0.47       67.68    2.59   -0.52    0.32
18692   100     1424382533  1424418812   69.41    2.88   -0.61    0.34       71.23    2.14   -0.82    0.25
18693   100     1424424285  1424430181   65.37    4.04   -1.03    0.47       70.46    3.64   -0.52    0.32
18694   100     1424434441  1424474790   67.92    3.02   -1.16    0.40       63.95    2.06   -0.59    0.29
18696   100     1424484289  1424493248   61.22    1.78   -3.30    0.82       67.65    2.69   -1.13    1.19
18697   100     1424517858  1424550984   65.60    1.82   -0.52    0.24       66.22    2.42   -0.51    0.30
18698   100     1424577916  1424609404   66.23    1.66   -0.77    0.23       66.23    2.09   -0.64    0.29
18701   100     1424620569  1424653251   63.10    1.49   -0.77    0.21       65.23    1.63   -0.51    0.24
18702   100     1424658383  1424694420   66.57    1.69   -0.82    0.22       64.11    1.98   -0.90    0.26
18706   100     1424717291  1424746993   64.68    2.33   -1.40    0.25       67.43    1.81   -0.64    0.29
18707   100     1424754216  1424784639   62.63    1.55   -0.70    0.24       62.31    1.74   -0.43    0.29
18709   100     1424814441  1424844196   63.27    1.68   -1.18    0.25       62.98    2.22   -0.86    0.33
18710   100     1424851119  1424871745   60.69    1.80   -1.30    0.35       64.86    2.26   -0.40    0.44
18715   100     1424929289  1424963794   63.35    1.44   -1.12    0.20       68.30    1.68   -0.27    0.25
18717   100     1424977337  1424989529   63.67    1.92   -1.34    0.79       67.82    1.83    2.11    0.91
18718   100     1424993405  1425004169   65.78    2.03   -1.03    0.47       67.08    2.41   -0.52    0.32
18719   100     1425012601  1425047387   63.71    1.48   -0.81    0.19       66.21    1.43   -0.20    0.19
18721   100     1425063390  1425096482   66.23    1.41   -1.22    0.17       63.90    1.99   -0.56    0.24
18722   100     1425102665  1425115369   59.65    2.04    0.22    0.72       69.89    2.79   -1.36    0.96
18723   100     1425120195  1425151845   64.98    1.66   -1.26    0.24       67.03    1.96   -1.15    0.28
18726   100     1425175969  1425208528   62.12    1.58   -0.95    0.22       62.23    1.76   -0.74    0.25
18727   100     1425212960  1425242885   61.14    1.68   -1.09    0.26       64.17    2.15   -1.02    0.32
18728   100     1425247417  1425273661   60.38    2.05   -0.53    0.33       65.14    1.76   -0.63    0.33
18729   100     1425285985  1425306681   63.05    1.75   -2.50    0.55       63.45    2.32    0.45    0.89
18731   100     1425316027  1425345839   68.01    1.67   -2.17    0.23       69.13    1.79   -0.80    0.25
18732   100     1425356292  1425386354   70.73    1.60   -0.45    0.24       64.45    1.94   -0.39    0.28
18735   100     1425398778  1425399888   67.78    2.22   -1.03    0.47       66.46    2.13   -0.52    0.32
18737   100     1425413753  1425438202   65.02    1.75   -2.42    0.30       66.00    1.77   -1.46    0.32
18738   100     1425442279  1425455688   64.62    1.83   -2.16    0.60       67.22    2.60   -1.84    0.84
18740   100     1425512976  1425535299   59.19    1.85   -1.88    0.35       62.73    2.09   -0.91    0.39
18741   100     1425539827  1425559454   61.88    1.85   -2.35    0.55       64.41    7.03   -1.70    1.06
18748   100     1425594037  1425597675   68.97    2.43   -1.03    0.47       65.16    2.66   -0.52    0.32
18749   100     1425604461  1425649720   67.89    2.58   -0.96    0.62       64.14    2.03    0.18    0.40 
18750   100     1425654616  1425664422   60.32    1.91   -1.03    0.47       69.77    3.05   -0.52    0.32
18751   100     1425669501  1425699678   63.64    1.59   -0.69    0.25       65.93    1.72   -0.80    0.25
18752   100     1425702306  1425727131   57.68    1.91   -0.06    0.35       67.16    2.10   -0.40    0.34
18753   100     1425730193  1425764511   63.81    1.48   -0.54    0.20       64.68    1.64   -0.53    0.22
18754   100     1425770725  1425800516   60.95    1.64   -0.47    0.23       67.60    1.81   -0.83    0.26
18758   100     1425820170  1425840226   59.87    1.73   -0.36    0.38       68.75    2.17   -0.65    0.44
18760   100     1425864128  1425894885   64.15    1.54   -1.29    0.22       65.90    1.70   -0.69    0.23
18761   100     1425897660  1425947464   64.75    1.40   -0.51    0.15       65.31    1.67   -0.74    0.16
18762   100     1425951485  1425954221   58.70    2.17   -1.03    0.47       63.10    2.39   -0.52    0.32
18763   100     1425958528  1425989093   63.84    1.47   -0.35    0.22       61.71    1.68   -0.46    0.26
18764   100     1425993074  1426023823   58.44    1.50   -0.40    0.22       58.05    1.70   -0.13    0.25
18765   100     1426026208  1426049833   63.18    1.52   -0.90    0.28       66.77    2.04   -0.14    0.38
18766   100     1426052143  1426074232   63.84    1.62   -0.59    0.32       62.73    1.81   -0.40    0.37
18772   100     1426134424  1426164595   59.12    1.49   -0.90    0.21       63.40    2.62    0.06    0.39
18775   100     1426176180  1426176799   58.67    2.16   -1.03    0.47       65.60    2.30   -0.52    0.32
18776   100     1426179793  1426210655   59.59    1.78   -1.01    0.23       65.39    2.08   -0.84    0.27
18777   100     1426214772  1426246169   60.57    1.81   -0.90    0.22       63.49    1.98   -0.66    0.25
18778   100     1426253636  1426293737   61.76    1.66   -1.17    0.16       61.33    1.96   -0.15    0.22
18779   100     1426297322  1426327139   63.29    1.62   -1.01    0.20       58.98    2.12   -0.45    0.26
18780   100     1426329571  1426359279   64.21    1.83   -1.26    0.22       61.18    1.75   -0.48    0.23
18785   100     1426645226  1426675597   63.52    1.92   -0.20    0.26       65.86    2.60   -0.55    0.31
18786   100     1426681103  1426684351   65.25    2.24   -1.03    0.47       65.88    1.97   -0.52    0.32
18787   100     1426696909  1426731793   61.17    1.77   -1.00    0.20       61.08    1.97   -0.69    0.24
18788   100     1426737680  1426769515   61.98    1.73   -0.92    0.21       60.99    2.33   -0.60    0.27
18789   100     1426783151  1426814527   66.91    1.83   -1.34    0.22       57.85    2.03   -0.36    0.25
18790   100     1426822927  1426831072   63.77    2.32   -1.03    0.47       60.54    2.61   -0.52    0.32
18792   100     1426839782  1426886871   64.72    1.54   -0.94    0.14       63.91    1.63   -0.56    0.15
18793   100     1426892429  1426921896   60.42    2.45   -1.29    0.38       60.05    1.96   -0.15    0.27
18794   100     1426924795  1426933011   62.79    2.24   -1.03    0.47       62.79    2.36   -0.52    0.32
18795   100     1426939629  1426968912   56.95    1.73   -0.42    0.24       60.02    2.40   -0.39    0.28
18796   100     1426978025  1427008063   59.89    2.27   -0.29    0.29       60.22    2.58   -0.24    0.37
18797   100     1427013237  1427035057   62.73    2.15   -0.98    0.35       58.58    2.86   -0.61    0.47
18798   100     1427039710  1427043414   62.49    2.15   -1.03    0.47       62.74    2.26   -0.52    0.32
18800   100     1427060877  1427091241   60.41    1.65   -0.98    0.22       61.00    2.08    0.02    0.27
18801   100     1427094998  1427125054   57.20    1.64   -0.35    0.23       62.15    1.86   -0.25    0.24
18803   100     1427139956  1427171626   55.40    1.73   -0.75    0.21       62.02    1.70   -0.58    0.21
18804   100     1427176294  1427205587   61.67    1.65   -0.58    0.21       60.86    2.03   -0.45    0.27
18805   100     1427212903  1427242564   55.50    1.69   -1.16    0.22       60.54    1.89   -0.67    0.26
18806   100     1427246967  1427248118   60.65    2.09   -1.03    0.47       62.81    2.24   -0.52    0.32
18807   100     1427252335  1427284257   59.61    1.75   -0.83    0.21       61.68    2.43   -0.42    0.27
18815   100     1427349689  1427361760   58.76    2.77   -1.69    0.68       55.51    2.90   -0.12    0.82
18816   100     1427367241  1427396418   58.51    1.82   -0.71    0.23       58.37    2.04   -0.56    0.28
18817   100     1427399556  1427399989   56.44    1.98   -1.03    0.47       58.36    2.95   -0.52    0.32
18818   100     1427403856  1427416150   65.43    2.39   -2.05    0.60       55.00    2.70   -0.95    0.75
18819   100     1427419677  1427449110   57.06    1.54   -0.99    0.21       60.71    1.75   -0.84    0.25
18820   100     1427452286  1427486889   55.97    1.66   -0.73    0.20       57.61    1.97   -0.21    0.26
18827   100     1427510620  1427539768   60.70    1.70   -0.43    0.22       56.39    2.23   -0.40    0.33
18828   100     1427543044  1427572885   54.19    1.91   -0.56    0.23       51.89    2.49    0.07    0.35
18829   100     1427577689  1427607451   56.44    1.80   -0.83    0.22       55.22    2.12   -0.58    0.30
18833   100     1427618967  1427619226   63.81    2.43   -1.03    0.47       57.85    3.35   -0.52    0.32
18837   100     1427635562  1427667224   61.82    2.28   -0.89    0.25       58.45    2.34   -1.07    0.29
18838   100     1427669934  1427701316   62.45    1.97   -0.91    0.23       54.61    1.70   -0.38    0.25
18843   100     1427713741  1427743121   61.41    1.85   -0.47    0.23       65.95    2.06   -1.00    0.31
18846   100     1427756777  1427786656   63.89    1.84   -0.94    0.21       63.27    2.01   -0.70    0.28
18847   100     1427789734  1427819408   64.61    1.75   -0.61    0.22       60.31    1.78   -0.30    0.26
18848   100     1427823628  1427827350   60.19    2.00   -1.03    0.47       57.98    1.93   -0.52    0.32
18849   100     1427838276  1427862567   56.74    2.01   -0.76    0.28       53.65    1.93   -0.79    0.32
18850   100     1427865632  1427889196   59.02    2.59   -1.33    0.36       54.48    2.02   -0.09    0.36
18852   100     1427932414  1427936130   55.48    2.16   -1.03    0.47       47.98    2.22   -0.52    0.32
18853   100     1427941536  1427957223   58.93    2.30   -1.55    0.46       48.89    2.58    0.10    0.57
18854   100     1427962043  1427980163   56.24    2.44   -1.48    0.42       61.16    2.08   -1.43    0.45
18855   100     1427987954  1428017942   59.07    2.09   -1.19    0.28       54.35    2.68   -0.50    0.46
18856   100     1428021687  1428046096   62.20    3.62   -0.92    0.32       56.32    1.94   -0.40    0.32
18857   100     1428049068  1428067259   57.07    2.23   -0.26    0.45       59.62    2.14   -0.51    0.45
18865   100     1428107090  1428135997   65.88    2.15   -2.04    0.33       58.62    2.61   -0.78    0.67
18866   100     1428140650  1428141092   62.17    1.96   -1.03    0.47       65.80    3.82   -0.52    0.32
18868   100     1428146977  1428177476   62.38    1.83   -1.50    0.18       63.52    1.89   -0.25    0.24
18875   100     1428198003  1428220480   57.10    1.98   -1.61    0.33       64.73    1.87   -1.00    0.38
18876   100     1428225356  1428254801   59.43    1.98   -0.91    0.26       60.51    1.68   -0.50    0.26
18877   100     1428261317  1428291010   61.15    1.64   -0.78    0.22       59.27    1.54   -0.46    0.22
18878   100     1428295114  1428330213   63.91    1.88   -1.02    0.23       64.86    1.64   -0.14    0.21
18881   100     1428358155  1428361874   59.57    2.07   -1.03    0.47       61.80    1.95   -0.52    0.32
18882   100     1428367517  1428413655   60.48    1.87   -0.92    0.18       64.90    1.58   -0.40    0.15
18883   100     1428422366  1428452190   58.51    1.68   -1.15    0.25       60.51    1.58   -0.60    0.23
18884   100     1428456358  1428493355   59.58    2.44   -1.10    0.24       60.23    1.52   -0.43    0.17
18892   100     1428554029  1428584617   62.88    1.98   -1.97    0.26       59.46    1.69   -0.35    0.24
18893   100     1428592676  1428606625   61.76    1.93   -1.30    0.57       61.99    2.04   -0.35    0.66
18894   100     1428613566  1428651547   59.90    1.58   -1.15    0.17       60.21    1.67   -0.63    0.17
18895   100     1428656160  1428685686   58.56    1.61   -0.73    0.22       55.33    1.68    0.04    0.36
18897   100     1428696003  1428725270   63.22    1.43   -1.23    0.21       64.50    1.91   -0.57    0.25
18898   100     1428733547  1428763250   63.66    1.66   -1.16    0.23       61.53    1.67   -0.78    0.38
18900   100     1428777772  1428807478   57.78    1.65   -0.63    0.23       61.82    1.75   -0.49    0.24
18901   100     1428811627  1428841431   58.53    1.76   -1.22    0.24       58.82    1.70    0.07    0.23
18903   100     1428847486  1428875983   57.95    1.73   -1.67    0.24       60.34    1.83   -0.13    0.25
18904   100     1428879737  1428899293   60.07    2.02   -3.59    0.69       59.72    2.36   -1.26    0.73
18905   100     1428907623  1428937525   57.12    1.65   -1.00    0.23       60.14    1.89   -0.42    0.25
18906   100     1428944116  1428978017   55.85    1.82   -0.63    0.25       52.58    2.05   -0.75    0.26
18907   100     1428981993  1428992808   58.66    2.35   -1.33    0.82       59.26    2.10   -0.32    0.78
18908   100     1428999671  1429029402   56.02    1.71   -0.96    0.25       60.21    1.99   -0.21    0.27
18909   100     1429034639  1429064677   60.05    1.81   -1.24    0.25       61.65    1.66   -0.59    0.23
18914   100     1429145839  1429176005   59.94    1.62   -1.44    0.24       59.42    1.67   -1.20    0.24
18915   100     1429181634  1429218995   51.17    1.37   -0.92    0.14       53.52    1.81   -0.28    0.23
18916   100     1429227632  1429244432   54.91    1.74   -2.47    0.59       54.75    2.16   -0.21    0.67
18917   100     1429252550  1429285281   47.95    1.65   -1.23    0.22       52.17    1.70   -0.42    0.22
18920   100     1429313825  1429343405   51.20    1.92   -1.69    0.26       58.63    1.89   -0.43    0.26
18921   100     1429348164  1429368985   59.10    2.07   -3.73    0.70       59.62    2.50   -1.02    0.71
18922   100     1429375352  1429405351   57.63    1.72   -1.15    0.24       61.44    1.80   -0.44    0.24
18923   100     1429409656  1429439503   52.93    1.61   -1.73    0.23       60.19    1.86   -0.77    0.25
18924   100     1429444335  1429473906   57.99    1.76   -1.31    0.25       62.23    1.82   -0.41    0.25
18925   100     1429483331  1429513120   56.06    1.70   -1.20    0.23       57.02    1.87   -0.29    0.25
18926   100     1429517114  1429546102   59.89    1.63   -1.55    0.23       53.01    1.81   -0.42    0.26
18928   100     1429576533  1429600033   58.76    1.91   -1.42    0.37       60.83    2.13   -0.88    0.40
18930   100     1429633322  1429669803   54.47    1.38   -1.04    0.14       56.74    1.71   -0.63    0.20
18931   100     1429676065  1429704016   51.47    1.75   -0.78    0.29       56.24    1.78   -0.29    0.28
18938   100     1429749515  1429751500   57.03    3.89   -1.03    0.47       48.91    6.33   -0.52    0.32
18941   100     1429766713  1429769347   56.65    2.67   -1.03    0.47       53.27    2.63   -0.52    0.32
18942   100     1429775056  1429805804   56.04    1.88   -1.48    0.25       50.55    1.79   -0.34    0.25
18943   100     1429816658  1429847816   56.17    1.65   -1.19    0.19       55.52    1.95   -0.43    0.26
18944   100     1429852408  1429882745   53.08    2.03   -0.76    0.27       55.38    1.99   -0.04    0.27
18946   100     1429889635  1429905130   61.18    1.87   -1.90    0.57       55.89    2.05   -0.34    0.65
18948   100     1429927734  1429957150   56.16    2.46   -1.36    0.36       52.74    2.29    0.06    0.34
18949   100     1429961556  1429995517   51.66    1.95   -1.12    0.24       47.98    2.01   -0.31    0.25
18950   100     1429999584  1430029156   51.54    2.12   -0.90    0.40       55.95    2.04   -0.38    0.32
18951   100     1430033330  1430065013   45.97    2.01   -0.87    0.23       51.96    2.15   -0.35    0.28
18952   100     1430068880  1430098540   52.83    1.80   -0.68    0.30       54.28    1.84   -0.54    0.30
18953   100     1430102697  1430131285   52.48    2.33   -1.27    0.38       54.96    2.30   -0.39    0.35
