16066033
16066035
16066046
16066047
16066049
16066050
16066051
16066052
16066053
16066054
16066055
16066059
16066060
16067001
16067003
16067004
16067005
16067006
16067013
16067014
16067015
16067016
16067017
16067019
16067020
16067021
16067022
16068022
16068023
16068024
16068025
16068028
16068029
16068030
16068032
16068034
16068035
16068036
16068037
16068038
16068039
16068040
16068042
16068055
16068056
16068057
16068058
16069001
16069002
16069003
16069004
16069005
16069006
16069007
16069008
16069009
16069010
16069011
16069012
16069016
16069024
16069025
16069026
16069027
16069028
16069029
16069030
16069031
16069032
16069033
16069034
16069035
16069036
16069038
