16077021
16077027
16077028
16077029
16077030
16077031
16077032
16077033
16077034
16077037
16077038
16077039
16077040
16077041
16077043
16077044
16077045
16077046
16077047
16077048
16077054
16077055
16078001
16078002
16078003
16078004
16078005
16078006
16078007
16078008
16078009
16078011
16078012
16078013
16078014
16078028
16078029
16078030
16078031
16078032
16078033
16078034
16078035
16078036
16078037
16078038
16078039
16078040
16078041
16078042
16078043
16078055
16078056
16079001
16079010
16079011
16079013
16079014
16079015
16079016
16079017
16079018
16079019
16079020
16079021
16079022
16079023
16079024
16079027
16079028
16079029
16079030
16079031
16079032
16079033
16079034
16079035
16079036
16079038
16079045
16079046
16079047
16079054
16079057
16079058
16079059
16079060
16079061
16079062
16079063
