16091003
16091004
16091005
16091006
16091007
16091008
16091009
16091010
16091011
16091012
16091013
16091014
16091015
16091057
16091061
16091062
16091063
16092001
16092002
16092003
16092014
16092015
16092016
16092017
16092018
16092019
16092020
16092021
16092022
16092023
16092024
16092031
16092033
16092034
16092035
16092036
16092037
16092040
16092042
16092044
16092048
16092049
16092050
16092051
16092052
16092053
16092054
16092055
16092063
16092064
16092065
16092066
16092067
16092068
16092069
16092070
16092071
16093001
16093002
16093003
16093004
16093005
16093010
16093011
16093012
16093013
16093014
16093015
16093016
16093017
16093018
16093019
