16080002
16080003
16080004
16080005
16080006
16080007
16080012
16080013
16080014
16080015
16080020
16080021
16080022
16080023
16080024
16080025
16080026
16080027
16080028
16080029
16080030
16080031
16080032
16080033
16080035
16080043
16080044
16080045
16080046
16080047
16080048
16080049
16080050
16080051
16080052
16080053
16080054
16080055
16081001
16081002
16081003
16081004
16081012
16081013
16081015
16081016
16081017
16081018
16081019
16081020
16081021
16081022
16081024
16081025
16081027
16081036
16081037
16081048
16081049
16081050
16081052
16081053
16081054
16081055
16081056
16081057
16081058
16081060
16081061
