16082001
16082002
16082011
16082012
16082013
16082017
16082018
16082019
16082022
16082023
16082025
16082027
16082028
16082029
16082030
16082039
16082040
16082041
16082042
16082043
16082045
16082046
16082047
16082048
16082049
16082050
16082051
16082052
16082053
16082054
16082055
16082056
16082057
16082058
16083004
16083005
16083006
16083007
16083008
16083009
16083010
16083011
16083012
16083013
16083014
16083015
16083016
16083017
16083018
16083019
16083022
16083041
16083042
16083043
16083044
16083045
16083046
16083048
16083049
16083050
16083052
16083053
16083055
16083056
16083057
16083058
16083059
16083060
16083061
16084004
16084006
16084007
16084008
16084009
16084011
16084012
16084013
16084014
16084015
