16089001
16089002
16089003
16089004
16089005
16089006
16089007
16089015
16089016
16089017
16089018
16089019
16089020
16089024
16089026
16089027
16089028
16089029
16089030
16089031
16089032
16089041
16089042
16089043
16089044
16089045
16089046
16089047
16089048
16089049
16089050
16089051
16089052
16089053
16089054
16090001
16090002
16090003
16090004
16090005
16090006
16090015
16090016
16090017
16090018
16090019
16090020
16090021
16090022
16090023
16090024
16090025
16090026
16090027
16090028
16090029
16090030
16090031
16090038
16090039
16090041
16090042
16090044
16090045
16090046
16090047
16090048
16090049
16090050
16090051
16090052
16090053
16090054
