16069039
16069040
16069041
16069042
16069053
16069054
16069055
16069060
16069062
16069063
16069064
16069065
16069066
16069067
16070003
16070004
16070005
16070006
16070008
16070009
16070010
16070012
16070013
16070014
16070015
16070039
16071001
16071002
16071003
16071006
16071007
16071010
16071016
16071018
16071021
16071022
16071023
16071024
16071025
16071026
16071027
16071043
16071044
16071045
16071046
16071050
16071051
16071052
16071053
16071054
16071055
16071056
16071058
16071059
16071060
16071061
16071062
16071076
16071077
16071078
16071079
16072001
16072002
16072003
16072006
16072007
16072008
16072009
16072010
16072012
16072013
16072014
16072021
16072022
16072023
16072024
16072025
16072026
16072033
16072034
16072035
16072036
16072038
16072039
16072040
16072041
16072042
16072043
16072046
16072047
16072057
16072058
16072059
16072060
16072061
16072062
16073001
16073017
16073018
16073019
16073020
16073021
