16085005
16085006
16085007
16085008
16085009
16085011
16085012
16085013
16085014
16085023
16085024
16085025
16085026
16085027
16085028
16085029
16085030
16085031
16085032
16085033
16085035
16085036
16085037
16085038
16085051
16085052
16085054
16085055
16085056
16085057
16085058
16085061
16085062
16085065
16085067
16085069
16085071
16085072
16085073
16085074
16086001
16086002
16086003
16086004
16086005
16086006
16086007
16086008
16086024
16086025
16086026
16086027
16086028
16086030
16086031
16086032
16086033
16086034
16086035
16086036
16086037
16086038
16086039
16086040
16086041
16086042
16086043
16086050
16086051
16086052
16086053
16086054
