16087001
16087002
16087003
16087004
16087005
16087006
16087007
16087008
16087009
16087010
16087011
16087019
16087020
16087021
16087022
16087023
16087024
16087025
16087026
16087027
16087028
16087029
16087030
16087031
16087032
16087033
16087034
16087041
16087042
16087043
16087044
16087045
16087046
16087047
16087048
16087049
16087050
16087051
16087052
16087053
16087054
16087055
16088001
16088013
16088016
16088017
16088018
16088019
16088020
16088021
16088022
16088023
16088025
16088026
16088027
16088028
16088029
16088030
16088031
16088032
16088040
16088041
16088042
16088043
16088044
16088045
16088046
16088047
16088048
16088049
16088050
