
16066033	18753	1699
16066035	18753	1536
16066046	18754	432
16066047	18754	1772
16066049	18754	1547
16066050	18754	1818
16066051	18754	2398
16066052	18754	1843
16066053	18754	1586
16066054	18754	1286
16066055	18754	1651
16066059	18754	1808
16066060	18754	1811
16067001	18754	1894
16067003	18754	1872
16067004	18754	1558
16067005	18754	1909
16067006	18754	438
16067013	18758	1267
16067014	18758	753
16067015	18758	1806
16067016	18758	1876
16067017	18758	1818
16067019	18758	1820
16067020	18758	1832
16067021	18758	1809
16067022	18758	1686
16068022	18761	2002
16068023	18761	603
16068024	18761	1995
16068025	18761	1033
16068028	18761	839
16068029	18761	2064
16068030	18761	1917
16068032	18761	1996
16068034	18761	1818
16068035	18761	2021
16068036	18761	1814
16068037	18761	1481
16068038	18761	1854
16068039	18761	1842
16068040	18761	1264
16068042	18761	1763
16068055	18763	1805
16068056	18763	1170
16068057	18763	558
16068058	18763	1828
16069001	18763	1930
16069002	18763	1830
16069003	18763	1553
16069004	18763	358
16069005	18763	562
16069006	18763	1808
16069007	18763	1796
16069008	18763	1817
16069009	18763	1801
16069010	18763	1242
16069011	18763	1813
16069012	18763	1822
16069016	18763	1173
16069024	18764	624
16069025	18764	1856
16069026	18764	1807
16069027	18764	1820
16069028	18764	1820
16069029	18764	660
16069030	18764	1293
16069031	18764	733
16069032	18764	456
16069033	18764	1026
16069034	18764	1833
16069035	18764	1845
16069036	18764	2296
16069038	18764	225
16069039	18764	1655
16069040	18764	240
16069041	18764	1854
16069042	18764	1894
16069053	18765	1232
16069054	18765	1746
16069055	18765	558
16069060	18765	3006
16069062	18765	1967
16069063	18765	1227
16069064	18765	1795
16069065	18765	1777
16069066	18765	1714
16069067	18765	857
16070003	18766	2227
16070004	18766	1825
16070005	18766	1816
16070006	18766	1842
16070008	18766	2143
16070009	18766	2222
16070010	18766	1891
16070012	18766	1820
16070013	18766	1838
16070014	18766	440
16070015	18766	537
16070039	18772	1658
16071001	18772	1221
16071002	18772	948
16071003	18772	229
16071006	18772	869
16071007	18772	1706
16071010	18772	564
16071016	18772	1552
16071018	18772	551
16071021	18772	1891
16071022	18772	1868
16071023	18772	838
16071024	18772	1819
16071025	18772	1834
16071026	18772	1652
16071027	18772	1316
16071043	18776	279
16071044	18776	731
16071045	18776	533
16071046	18776	522
16071050	18776	553
16071051	18776	1150
16071052	18776	2069
16071053	18776	1851
16071054	18776	1820
16071055	18776	2167
16071056	18776	2119
16071058	18776	1859
16071059	18776	1798
16071060	18776	790
16071061	18776	2442
16071062	18776	295
16071076	18777	421
16071077	18777	1714
16071078	18777	1798
16071079	18777	1973
16072001	18777	1820
16072002	18777	1630
16072003	18777	1853
16072006	18777	1129
16072007	18777	2330
16072008	18777	2183
16072009	18777	1662
16072010	18777	1596
16072012	18777	2023
16072013	18777	1815
16072014	18777	873
16072021	18778	1978
16072022	18778	542
16072023	18778	1823
16072024	18778	1816
16072025	18778	1819
16072026	18778	1814
16072033	18778	1667
16072034	18778	1814
16072035	18778	1822
16072036	18778	1120
16072038	18778	1930
16072039	18778	1790
16072040	18778	2227
16072041	18778	1884
16072042	18778	1880
16072043	18778	423
16072046	18778	199
16072047	18778	2671
16072057	18779	1990
16072058	18779	1733
16072059	18779	1846
16072060	18779	1194
16072061	18779	2395
16072062	18779	1730
16073001	18779	813
16073017	18779	642
16073018	18779	1810
16073019	18779	1824
16073020	18779	1462
16073021	18779	902
16073030	18780	1952
16073031	18780	1824
16073032	18780	1108
16073033	18780	1828
16073034	18780	255
16073035	18780	926
16073037	18780	1998
16073038	18780	1820
16073039	18780	821
16073040	18780	238
16077021	18786	354
16077027	18787	1108
16077028	18787	634
16077029	18787	407
16077030	18787	1842
16077031	18787	1823
16077032	18787	1904
16077033	18787	1412
16077034	18787	1961
16077037	18787	473
16077038	18787	1850
16077039	18787	1801
16077040	18787	1922
16077041	18787	1744
16077043	18787	1266
16077044	18787	1883
16077045	18787	1656
16077046	18787	2339
16077047	18787	1720
16077054	18788	2316
16077055	18788	978
16078001	18788	2029
16078002	18788	1832
16078003	18788	807
16078004	18788	1931
16078005	18788	1842
16078006	18788	1855
16078007	18788	2017
16078008	18788	847
16078009	18788	1861
16078011	18788	1856
16078012	18788	2011
16078013	18788	2442
16078014	18788	1050
16078028	18789	1849
16078029	18789	2397
16078030	18789	934
16078031	18789	2422
16078032	18789	218
16078033	18789	1930
16078034	18789	1845
16078035	18789	1933
16078036	18789	1843
16078037	18789	1863
16078038	18789	861
16078039	18789	1802
16078040	18789	1987
16078041	18789	1838
16078042	18789	1930
16078055	18790	2214
16078056	18790	1953
16079001	18790	1905
16079010	18792	693
16079011	18792	1127
16079013	18792	1826
16079014	18792	1852
16079015	18792	1881
16079016	18792	2004
16079017	18792	3363
16079018	18792	2848
16079019	18792	2617
16079020	18792	616
16079021	18792	482
16079022	18792	2698
16079023	18792	2771
16079024	18792	975
16079027	18792	1170
16079028	18792	437
16079029	18792	511
16079030	18792	473
16079031	18792	2474
16079032	18792	2856
16079033	18792	1285
16079034	18792	2290
16079035	18792	521
16079036	18792	1815
16079045	18793	854
16079046	18793	1134
16079047	18793	1833
16079054	18793	1882
16079057	18793	388
16079059	18793	2034
16079060	18793	1962
16079061	18793	1800
16079062	18793	1545
16079063	18793	1127
16080002	18793	1014
16080003	18793	1077
16080004	18793	1877
16080005	18793	1432
16080006	18793	763
16080007	18793	562
16080012	18794	522
16080013	18794	1374
16080014	18794	1904
16080015	18794	1826
16080020	18795	2522
16080021	18795	2710
16080022	18795	1597
16080023	18795	2077
16080024	18795	2203
16080025	18795	487
16080026	18795	2022
16080027	18795	1884
16080028	18795	1925
16080029	18795	2063
16080030	18795	461
16080031	18795	2004
16080032	18795	2259
16080033	18795	2216
16080043	18796	904
16080044	18796	1357
16080045	18796	1811
16080046	18796	1797
16080047	18796	1839
16080048	18796	1829
16080049	18796	1270
16080050	18796	2131
16080051	18796	2229
16080052	18796	1996
16080053	18796	1852
16080054	18796	1093
16080055	18796	1884
16081001	18796	2008
16081002	18796	1612
16081003	18796	1259
16081004	18796	800
16081012	18797	1733
16081013	18797	1295
16081015	18797	1905
16081016	18797	1916
16081017	18797	1950
16081018	18797	1082
16081019	18797	1723
16081020	18797	1736
16081021	18797	993
16081022	18797	2235
16081024	18797	453
16081025	18797	824
16081036	18798	2079
16081037	18798	981
16081048	18800	973
16081049	18800	1832
16081050	18800	1963
16081052	18800	1800
16081053	18800	1845
16081054	18800	1096
16081055	18800	1907
16081056	18800	1856
16081057	18800	2059
16081058	18800	2338
16081059	18800	1921
16081060	18800	1956
16081061	18800	1842
16082001	18800	1965
16082002	18800	978
16082011	18801	1288
16082012	18801	2417
16082013	18801	2061
16082017	18801	202
16082018	18801	1902
16082019	18801	1869
16082022	18801	1916
16082023	18801	2638
16082025	18801	2233
16082027	18801	1205
16082028	18801	1797
16082029	18801	545
16082039	18803	1518
16082040	18803	1792
16082041	18803	1818
16082042	18803	1826
16082043	18803	493
16082045	18803	496
16082046	18803	1459
16082047	18803	1828
16082048	18803	1731
16082049	18803	1811
16082050	18803	1810
16082051	18803	1809
16082052	18803	1317
16082053	18803	1807
16082054	18803	1681
16082055	18803	1822
16082056	18803	1800
16082057	18803	1236
16083004	18804	1848
16083005	18804	1256
16083006	18804	1822
16083007	18804	1922
16083008	18804	1804
16083009	18804	1132
16083010	18804	1821
16083011	18804	1832
16083012	18804	1873
16083013	18804	1806
16083014	18804	1972
16083015	18804	633
16083016	18804	1951
16083017	18804	751
16083018	18804	1791
16083019	18804	241
16083041	18805	1838
16083042	18805	1737
16083043	18805	1236
16083044	18805	629
16083045	18805	1076
16083046	18805	1840
16083048	18805	430
16083049	18805	760
16083050	18805	1037
16083052	18805	1812
16083053	18805	1814
16083055	18805	2075
16083056	18805	607
16083057	18805	1815
16083058	18805	1873
16083059	18805	1827
16083060	18805	1447
16084004	18807	2007
16084006	18807	1658
16084007	18807	1871
16084008	18807	2010
16084009	18807	1833
16084011	18807	924
16084012	18807	1771
16084013	18807	1814
16084014	18807	2321
16084015	18807	1928
16085005	18815	271
16085006	18815	1825
16085007	18815	206
16085008	18815	363
16085009	18815	2098
16085011	18815	1319
16085012	18815	864
16085013	18815	1292
16085014	18815	819
16085023	18816	1878
16085024	18816	1838
16085025	18816	1840
16085026	18816	1849
16085027	18816	1372
16085028	18816	1886
16085029	18816	1855
16085030	18816	1104
16085031	18816	1821
16085032	18816	1842
16085033	18816	1417
16085035	18816	1813
16085036	18816	2549
16085037	18816	1804
16085051	18818	2165
16085052	18818	193
16085054	18818	1846
16085055	18818	1488
16085056	18818	1825
16085057	18818	1795
16085058	18818	897
16085061	18819	2055
16085062	18819	1841
16085065	18819	805
16085067	18819	238
16085069	18819	262
16085071	18819	271
16085072	18819	2023
16085073	18819	878
16085074	18819	1879
16086001	18819	1894
16086002	18819	1811
16086003	18819	1848
16086004	18819	1935
16086005	18819	711
16086006	18819	1832
16086007	18819	1818
16086008	18819	1435
16086024	18820	1948
16086025	18820	2196
16086026	18820	1908
16086027	18820	1892
16086028	18820	1817
16086030	18820	1891
16086031	18820	1840
16086032	18820	1878
16086033	18820	1949
16086034	18820	1666
16086035	18820	920
16086036	18820	1786
16086037	18820	1301
16086038	18820	1183
16086039	18820	1833
16086040	18820	2026
16086041	18820	2079
16086042	18820	847
16086050	18827	1814
16086051	18827	1802
16086052	18827	942
16086053	18827	1830
16086054	18827	1882
16087001	18827	2236
16087002	18827	1808
16087003	18827	1043
16087004	18827	1810
16087005	18827	1881
16087006	18827	1764
16087007	18827	1376
16087008	18827	1902
16087009	18827	1966
16087010	18827	1584
16087011	18827	806
16087019	18828	1870
16087020	18828	802
16087021	18828	1833
16087022	18828	1824
16087023	18828	1818
16087024	18828	1406
16087025	18828	1812
16087026	18828	1816
16087027	18828	1871
16087028	18828	1561
16087029	18828	1817
16087030	18828	1719
16087031	18828	1816
16087032	18828	2139
16087033	18828	2485
16087041	18829	1835
16087042	18829	1813
16087043	18829	1850
16087044	18829	1230
16087045	18829	1894
16087046	18829	2048
16087047	18829	518
16087048	18829	1811
16087049	18829	1897
16087050	18829	1811
16087051	18829	1922
16087052	18829	1665
16087053	18829	1808
16087054	18829	1750
16087055	18829	1829
16088001	18829	1064
16088013	18837	1240
16088016	18837	1823
16088017	18837	1849
16088018	18837	1804
16088019	18837	1825
16088020	18837	1285
16088021	18837	1814
16088022	18837	1879
16088023	18837	1813
16088025	18837	1816
16088026	18837	1727
16088027	18837	683
16088028	18837	1809
16088029	18837	1833
16088030	18837	1818
16088031	18837	1497
16088040	18838	1809
16088041	18838	1807
16088042	18838	1802
16088043	18838	1800
16088044	18838	648
16088045	18838	1806
16088046	18838	1805
16088047	18838	1821
16088048	18838	1822
16088049	18838	933
16088050	18838	2005
16089001	18838	1170
16089002	18838	342
16089003	18838	760
16089004	18838	1931
16089005	18838	1994
16089015	18843	1176
16089016	18843	1815
16089017	18843	1819
16089018	18843	1825
16089019	18843	1497
16089020	18843	1815
16089024	18843	1815
16089026	18843	1862
16089027	18843	1816
16089028	18843	1378
16089029	18843	1767
16089030	18843	1821
16089031	18843	2079
16089041	18846	1807
16089042	18846	1807
16089043	18846	411
16089044	18846	1423
16089045	18846	1828
16089046	18846	1815
16089047	18846	190
16089048	18846	611
16089049	18846	1836
16089050	18846	1645
16089051	18846	2011
16089052	18846	1857
16089053	18846	1921
16089054	18846	658
16090001	18846	972
16090002	18846	1887
16090003	18846	1898
16090004	18846	1773
16090005	18846	314
16090015	18847	2249
16090016	18847	616
16090017	18847	1888
16090018	18847	1928
16090019	18847	1923
16090020	18847	1241
16090021	18847	1908
16090022	18847	1775
16090023	18847	1807
16090024	18847	1809
16090025	18847	1806
16090026	18847	1390
16090027	18847	1805
16090028	18847	1805
16090029	18847	1839
16090030	18847	965
16090038	18848	1567
16090039	18848	1631
16090041	18849	2896
16090042	18849	1807
16090044	18849	1283
16090045	18849	2029
16090046	18849	2394
16090047	18849	1801
16090048	18849	1820
16090049	18849	1438
16090050	18849	1806
16090051	18849	1838
16090052	18849	1432
16090053	18849	1184
16091003	18850	1871
16091004	18850	1870
16091005	18850	1877
16091006	18850	1831
16091007	18850	1814
16091008	18850	928
16091009	18850	1908
16091010	18850	1819
16091011	18850	1817
16091012	18850	1849
16091013	18850	1822
16091014	18850	1439
16091039	18852	1296
16091040	18852	148
16091042	18852	499
16091057	18853	599
16091061	18853	919
16091062	18853	1970
16091063	18853	1898
16092001	18853	1856
16092002	18853	1083
16092003	18853	499
16092014	18854	1861
16092015	18854	1303
16092016	18854	1897
16092017	18854	1838
16092018	18854	1893
16092019	18854	1280
16092020	18854	1557
16092021	18854	1897
16092022	18854	1866
16092023	18854	610
16092031	18855	1873
16092033	18855	1326
16092034	18855	1807
16092035	18855	1816
16092036	18855	1801
16092037	18855	1802
16092040	18855	286
16092042	18855	1715
16092044	18855	1322
16092048	18855	1154
16092049	18855	1804
16092050	18855	1787
16092051	18855	479
16092052	18855	1804
16092053	18855	1849
16092054	18855	1807
16092055	18855	697
16092063	18856	1861
16092064	18856	1535
16092065	18856	1810
16092066	18856	1727
16092067	18856	1812
16092068	18856	1338
16092069	18856	1805
16092070	18856	1866
16092071	18856	1844
16093001	18856	1859
16093002	18856	1856
16093003	18856	651
16093004	18856	1346
16093010	18857	1978
16093011	18857	2258
16093012	18857	1872
16093013	18857	1882
16093014	18857	1856
16093015	18857	219
16093016	18857	2106
16093017	18857	1816
16093018	18857	1659
